{
  "prob_lower_bound": 0.25333333333333335,
  "working_prob_thresh": 0.3,
  "working_mahal_multiplier": 1.5,
  "mahal_quantile": 0.975,
  "class_mahal_thresholds": {
    "catch": 12.41808371762781,
    "dribble_left_right": 1498.5,
    "dribble_right_once": 10.982653851003475,
    "null": 12.641969184358949,
    "pass_high": 11.487716402824327,
    "shot": 10.834370692462132
  },
  "class_centers": {
    "catch": [
      0.054239966680380836,
      0.6748210428448295,
      0.621849693362963,
      -0.41188041268848846,
      -0.5934529545462913,
      -0.6089288488585737,
      -0.3683466089931617,
      0.8442871265811241,
      0.40105392361145364,
      0.19685442904521877,
      0.3688625824131308,
      0.7096109474295025,
      -0.5818866479900512,
      0.5479840137993662,
      0.12156508349516922,
      0.3976576122423456,
      -0.37738849614782144,
      0.14093667669339496,
      0.2984366996018059,
      0.6597995107845859,
      0.443693602038108,
      0.48041722455136937,
      -0.42391178061301654,
      -0.5851740577009561,
      -0.5854055908145972,
      0.35808811643603583,
      0.30115410238826706,
      -0.23220029731469355,
      0.5013295052144691,
      0.01713512446610228,
      0.35878988365869624,
      0.3678492788652255,
      0.39722420198313674,
      0.6891368197980173,
      0.6262515709453796,
      0.5762356255920205,
      0.40404893281755827,
      0.28281358008610336,
      0.2600615242335665,
      0.3300447072127704,
      -0.004385206487641494,
      0.06627746148157782,
      0.7261543818072285,
      0.4545407991801697,
      -0.6438583099412026,
      0.4905330506971663,
      -0.25493891485192205,
      0.5091198258546046,
      0.44698591234460294,
      -0.4847926989826999
    ],
    "dribble_left_right": [
      0.0,
      0.0,
      0.0,
      0.0,
      0.0,
      0.0,
      0.0,
      0.0,
      0.0,
      0.0,
      0.0,
      0.0,
      0.0,
      0.0,
      0.0,
      0.0,
      0.0,
      0.0,
      0.0,
      0.0,
      0.0,
      0.0,
      0.0,
      0.0,
      0.0,
      0.0,
      0.0,
      0.0,
      0.0,
      0.0,
      0.0,
      0.0,
      0.0,
      0.0,
      0.0,
      0.0,
      0.0,
      0.0,
      0.0,
      0.0,
      0.0,
      0.0,
      0.0,
      0.0,
      0.0,
      0.0,
      0.0,
      0.0,
      0.0,
      0.0
    ],
    "dribble_right_once": [
      -0.08564324117479631,
      0.6731015302750669,
      0.3303107137728218,
      -0.17463022720122592,
      0.08668281026143901,
      -0.4791345660790357,
      0.10223403224062913,
      0.6713933521677368,
      -0.05495998965922303,
      -0.07320978633157255,
      0.2698141998091651,
      0.45812830022921014,
      -0.6624979345847813,
      0.29519249797637465,
      -0.09158642763486237,
      1.2327851682465065,
      -0.2557907392990486,
      0.48291014995115805,
      1.1878767086796453,
      1.0491861256121549,
      1.2121592914895163,
      1.1816264860345893,
      -0.28525236011282984,
      -0.7152517186091296,
      -0.4745830390127666,
      -0.07826666746321563,
      0.8801081842912287,
      -0.27653013804389875,
      1.0457703528393738,
      0.44887656536644804,
      1.175645094641109,
      0.5377007606816695,
      0.41913992724629273,
      0.9756080861086254,
      1.1541036878115851,
      0.40871586067712323,
      0.38283617705019324,
      0.32801243435449645,
      0.26333944179163704,
      -0.05098011230642371,
      0.03182094230059463,
      -0.11139149587250174,
      0.5511220087056634,
      1.2882370603173723,
      -1.0226987475008318,
      1.0787571593328202,
      0.044056701581344025,
      0.9128530334102027,
      1.3122975859272477,
      -0.881997542589324
    ],
    "null": [
      -0.8119451008421402,
      -0.624680178578492,
      -0.3263655308528073,
      -0.3725721153443011,
      -0.22966186431011393,
      0.3611369753545934,
      -0.21706509801425505,
      -0.7636996675034026,
      0.5234521615791023,
      -0.8437349232951459,
      0.7895935393710748,
      -0.5173599945918929,
      0.576830413827243,
      0.5153097349778675,
      -0.8378500823043878,
      -0.7843253230315927,
      0.041257882860534764,
      -0.9013973812025933,
      -0.7788963545188384,
      -0.7137238802188927,
      -0.8743618160638388,
      -0.3220408890784092,
      -0.6657209471670836,
      -0.09624041473525691,
      -0.2788894182343448,
      0.6005861190446531,
      -0.747937684791098,
      -0.11153279815849552,
      -0.9216972103153919,
      0.32968498482741376,
      -0.8026996308693575,
      -0.5095717521290766,
      -0.23439315162598132,
      -0.6322749852608535,
      -0.8069478999694919,
      0.28731769030422116,
      -0.904124003828465,
      -0.742472338682073,
      -0.9725996622974244,
      -0.2629963080434299,
      0.7067205610499844,
      0.33010330302982144,
      -0.7604298190086817,
      -0.23327836438947308,
      0.9428929882891094,
      -1.0340259801238627,
      0.7459709801465593,
      -0.9003222746381032,
      -0.8207194225516526,
      0.9454434248308526
    ],
    "pass_high": [
      0.039768216560992636,
      0.922011327810699,
      1.153301460792084,
      -0.7378158560378487,
      -0.9645982530196998,
      -1.065939742755857,
      -0.7437524365705157,
      1.053711367046289,
      0.7752591064788568,
      0.22939108550710985,
      0.4913106315270849,
      1.1921997738873884,
      -0.7214111818484715,
      0.7388313960938034,
      0.1947251613959722,
      -0.07705645282164793,
      -0.4734106766093421,
      -0.09774093610466143,
      -0.20228081167260492,
      0.5558415987546497,
      -0.04063281638051364,
      0.014264241667117828,
      -0.6468294625789899,
      -0.36418191684653917,
      -0.6428877270594326,
      0.7913302238613731,
      -0.17325930304021045,
      -0.2992820983586422,
      0.02557149324973998,
      -0.18555671665534185,
      -0.13125797127760125,
      0.3992139506851064,
      0.7069197925086272,
      0.5879769640596205,
      0.31464090893292856,
      0.8294199848885507,
      0.38549008223302383,
      0.3097563649615084,
      0.2782632669796502,
      0.5294724919194754,
      -0.027496727676897707,
      0.24283093285442742,
      1.1542650503596086,
      0.19485604554885358,
      -0.5233961751512011,
      0.1893163634391471,
      -0.23899887123058902,
      0.041307021777009775,
      0.020592372465847025,
      -0.06054603793558253
    ],
    "shot": [
      0.0011213439263656284,
      0.714454227146034,
      0.2730210528266756,
      -0.04410981049644227,
      0.07379050183949797,
      -0.3989991587595369,
      0.023029929860149543,
      0.603050247182939,
      -0.08642432921503938,
      -0.014573685486285222,
      0.29459666322757394,
      0.3373891620772813,
      -0.5803644810549228,
      0.25240335701129857,
      -0.08123553502430998,
      1.223715438970148,
      -0.28648987181215785,
      0.5858507189783395,
      1.1275453023078377,
      1.1167213938609528,
      1.23806658445053,
      1.0333434947831892,
      -0.25514735294739416,
      -0.5482187485707826,
      -0.49405445533152587,
      -0.10152085621559107,
      0.8635366870486756,
      -0.2503618421110439,
      1.0910918857862453,
      0.5423109947468876,
      1.14499156460148,
      0.5474419745795484,
      0.24877757106442858,
      1.0097408729070734,
      1.130026304036171,
      0.26439311311064895,
      0.3959647802308135,
      0.33247790202881755,
      0.33693315424905806,
      -0.16010691615828587,
      0.10087220231833312,
      -0.05327272830142839,
      0.525852893958272,
      0.950917385548361,
      -1.0366479981319894,
      1.0592075456524737,
      -0.060180999369629555,
      0.8990917660978857,
      1.1592860748359668,
      -0.8474100826279789
    ]
  },
  "class_covs": {
    "catch": [
      [
        0.32304709930962583,
        0.2180154332414037,
        0.16031026997119363,
        0.08385899977656631,
        0.11922411148549734,
        -0.09024351325930331,
        0.05158851614546203,
        0.21391558953383,
        -0.0227249358451178,
        0.3626144222619356,
        -0.16343823366658217,
        0.08864320779594054,
        -0.338075208807207,
        0.08147016139832912,
        0.30376326308700163,
        0.1577807839551786,
        0.0015987242481726384,
        0.21407042194903994,
        0.09640010477029166,
        0.24367213593733333,
        0.13962452305209833,
        0.08540832037033606,
        -0.03365795842420511,
        0.19519789434010007,
        0.00040074342387387313,
        -0.008255875944683693,
        0.1063258830211134,
        0.22174543792255408,
        0.14734281110176192,
        -0.02639288727364226,
        0.08600718805279405,
        0.24224168082718495,
        -0.10024087958817517,
        0.2599801861334252,
        0.19694750156894425,
        -0.1606456913424429,
        0.1178069540350934,
        0.09974943019158183,
        0.13127801490078833,
        -0.1122890080435345,
        -0.16698511701266952,
        0.037100746892498385,
        0.2092454035251606,
        0.18462080602491535,
        -0.03791015263204439,
        0.16006082302927505,
        -0.38223698431591197,
        0.11941177145455689,
        0.1764183504660725,
        -0.06520238200212232
      ],
      [
        0.2180154332414037,
        0.9684359930304244,
        0.8494066439278263,
        -0.07462307419767483,
        -0.18204668178812894,
        -0.39243393045949193,
        -0.229894260779925,
        0.567014482305866,
        0.049229958427553865,
        0.3188247855912787,
        -0.15156896093562955,
        0.42481038491451667,
        -0.8903729874608367,
        0.2915892571995571,
        0.2457027301178336,
        0.3744864954160016,
        -0.15122613703208074,
        0.24386442985582607,
        0.35736924634855455,
        0.710153626785597,
        0.4743813788936013,
        0.29536276524839317,
        -0.2787165780549668,
        0.001289179098364797,
        -0.15366150679389,
        0.0785887337938971,
        0.2062991431510145,
        0.21852944005190791,
        0.21719592232056806,
        -0.02427134018338558,
        0.38895034024859076,
        0.5055425615727649,
        -0.12277286981243918,
        0.6627868598368124,
        0.47964087015346774,
        -0.02919236090941589,
        0.3348055746547006,
        0.2628967695131956,
        0.08736191148679034,
        -0.15360669259205603,
        -0.16696488272707755,
        0.12405304982278642,
        0.6341210900264945,
        0.359798507052651,
        -0.2546325193463398,
        0.42836917927799645,
        -0.3594736067462259,
        0.16640912569557836,
        0.5706380502892395,
        -0.10838535669089945
      ],
      [
        0.16031026997119363,
        0.8494066439278263,
        1.3031499389465764,
        -0.16899952648916203,
        -0.2764802954030325,
        -0.7002509004880898,
        -0.32421203611600585,
        0.581058175755276,
        0.2481160601698317,
        0.27005861035822337,
        -0.21742239872052707,
        0.7403281848310661,
        -0.7786724133888091,
        0.27624760036383833,
        0.20508726390184975,
        0.03526750261961928,
        -0.18618208960674337,
        0.04399914118932825,
        -0.021959974707534757,
        0.4649881022456705,
        0.09628196538270276,
        0.22104882996037428,
        -0.23071151740293502,
        0.11927397522072435,
        -0.14026949934519975,
        0.288295280395689,
        -0.011770272130153277,
        0.2806862978168905,
        0.07893111236703296,
        -0.3521239936632957,
        0.09909353032474637,
        0.4794811305482896,
        0.001753782363185967,
        0.48592808806097326,
        0.3061027404466676,
        0.21586800523602304,
        0.3351535913559419,
        0.31657725351553223,
        0.1329441483272778,
        0.03947417506270647,
        -0.14933088897344107,
        0.1253649452715946,
        0.6730420125108428,
        0.1702447325704532,
        -0.17586530541234452,
        0.20430143085761296,
        -0.3078100881925425,
        0.08818366822837247,
        0.24872292721499176,
        0.058203489202689286
      ],
      [
        0.08385899977656631,
        -0.07462307419767483,
        -0.16899952648916203,
        0.3861640299402105,
        0.41986160052928584,
        0.12025923387947253,
        0.3288559321326968,
        -0.04866075735283109,
        -0.10662979695487965,
        0.10550857220163949,
        -0.24038690271367855,
        -0.14396108296226767,
        -0.07238616848610356,
        -0.08191233861024726,
        0.09812332433509587,
        0.3066680367911492,
        0.11210890651448682,
        0.2435082059756899,
        0.27934193488047204,
        0.15531862994260615,
        0.25623537897327286,
        0.19155765727993346,
        0.14170852792000396,
        0.12195190831783205,
        0.08816909256546179,
        -0.10117570774275646,
        0.2687904077312659,
        0.05525327540412575,
        0.3031482183868484,
        0.1019318420769698,
        0.22044198491564482,
        0.06082805924924431,
        -0.10367365804617619,
        0.13042659518250546,
        0.22543021945608333,
        -0.13824882336366412,
        -0.06110691365459531,
        -0.025520314737897516,
        0.1188124011667037,
        -0.21313222461939466,
        -0.16935641262954723,
        -0.06248074803261925,
        -0.09424524884341223,
        0.19081433236171536,
        -0.08119294708070501,
        0.18576892479647278,
        -0.10056030275259095,
        0.24879198083627913,
        0.23988747054651713,
        -0.28030548041904396
      ],
      [
        0.11922411148549734,
        -0.18204668178812894,
        -0.2764802954030325,
        0.41986160052928584,
        0.9281502262093553,
        0.2851595553340601,
        0.67333923589517,
        -0.17676102316177206,
        -0.23170105836043908,
        0.12022139196354714,
        -0.439960606865406,
        -0.3531956197432236,
        -0.10460367032350784,
        -0.19012437465392998,
        0.12271410133126062,
        0.5632842001396681,
        0.272536617372799,
        0.38485970942094855,
        0.5243908970736447,
        0.22741520062937706,
        0.4836531440317835,
        0.40812523779203236,
        0.27454305742451857,
        0.21170166306466212,
        0.16450249939724645,
        -0.22568831022881966,
        0.5425909918598804,
        0.08402258595209382,
        0.5598330772701094,
        0.13003499635603463,
        0.4392342184076622,
        0.10640859107415117,
        -0.19663715653965796,
        0.20912674486884567,
        0.4135950307626221,
        -0.2531357415173467,
        -0.11063893071144384,
        -0.02180943436110923,
        0.20016621888559868,
        -0.3096482403904619,
        -0.2818220306548042,
        -0.16419747422162095,
        -0.25746927545406023,
        0.3564346030710399,
        -0.16276975660437057,
        0.31326899090799604,
        -0.10264559163527341,
        0.46756611003804555,
        0.45155191898409497,
        -0.49181072214908134
      ],
      [
        -0.09024351325930331,
        -0.39243393045949193,
        -0.7002509004880898,
        0.12025923387947253,
        0.2851595553340601,
        0.8903103482682003,
        0.29161983820773557,
        -0.4887283075463941,
        -0.3026195141235674,
        -0.19411076285682202,
        0.16214560878334455,
        -0.8285809254726757,
        0.2606326928107546,
        -0.22157860733349677,
        -0.1367589142456625,
        0.06649359156674578,
        0.1307313602401346,
        0.06670350487017127,
        0.1315734899657517,
        -0.29738276771644806,
        0.06962126217149009,
        -0.17218024608688456,
        0.13817253961013157,
        -0.19557930728404227,
        0.12995066167209043,
        -0.3420441985329611,
        0.09713944709395551,
        -0.07399246265456268,
        -0.16329241536419775,
        0.002812474955030968,
        0.006043906874220203,
        -0.5338798973071305,
        -0.2973165081610858,
        -0.3707777636843687,
        -0.28514617359885547,
        -0.4414449250272812,
        -0.1159835133112289,
        -0.13115205979217276,
        -0.11020784883916786,
        -0.03352899624682876,
        0.20059987270743396,
        -0.15490751893514448,
        -0.534262304843648,
        -0.16647322811871842,
        0.21200276414487582,
        -0.059324823206768275,
        0.23290329024558912,
        -0.23865458461637964,
        -0.03988082726246959,
        0.08449058828939165
      ],
      [
        0.05158851614546203,
        -0.229894260779925,
        -0.32421203611600585,
        0.3288559321326968,
        0.67333923589517,
        0.29161983820773557,
        0.6864261109907437,
        -0.20392450231522408,
        -0.11567345563922796,
        0.04509915488598213,
        -0.27463195702586074,
        -0.3426214465916499,
        0.01985031198239065,
        -0.19514558620301947,
        0.04586417903720673,
        0.4474355971352261,
        0.21958298014589261,
        0.26816459931077286,
        0.4310730133288167,
        0.13259697614854585,
        0.3891232062637729,
        0.3193851280183135,
        0.24980527101212757,
        0.10960367345111433,
        0.17360220135752857,
        -0.11646181365591869,
        0.46412882637506436,
        0.041985621495984664,
        0.44807614765487147,
        0.086971882169987,
        0.31796546366752565,
        0.02172583125991965,
        -0.08497097330364431,
        0.1311623484972273,
        0.2799064849825937,
        -0.1422671595233192,
        -0.23892778677043414,
        -0.17368637552279265,
        0.15173768887671835,
        -0.24546937669337787,
        -0.14514350573790244,
        -0.11990659654989148,
        -0.2824145628550106,
        0.303965225225646,
        -0.12155122172004526,
        0.22287174726257658,
        -0.038692002921757326,
        0.3563087564359669,
        0.324254248588374,
        -0.3778350745909423
      ],
      [
        0.21391558953383,
        0.567014482305866,
        0.581058175755276,
        -0.04866075735283109,
        -0.17676102316177206,
        -0.4887283075463941,
        -0.20392450231522408,
        0.6685636055523898,
        0.04180058298527737,
        0.2901590356735156,
        -0.02249534068210887,
        0.5640424161228158,
        -0.5910642923862254,
        0.24383440733742962,
        0.15170568119102928,
        0.20715832012892116,
        -0.1388238628192647,
        0.14629426123049372,
        0.10704096896246948,
        0.44712352029724395,
        0.19787188077706316,
        0.18841498150472524,
        -0.20921952636891136,
        0.08994983796577344,
        -0.12647154792661483,
        0.06793197047122483,
        0.02772724563738402,
        0.15273964674735208,
        0.14579109042632377,
        -0.0441686450338775,
        0.13632292588394868,
        0.4640295317762173,
        -0.04651308503001875,
        0.4990253218349898,
        0.31922147714450705,
        -0.0002478791389299878,
        0.20274605856929503,
        0.14553673488448846,
        0.15451110035173649,
        -0.12179213831475925,
        -0.04636874812158905,
        0.1194874037025246,
        0.5535679013235826,
        0.2707009409846815,
        -0.1614062363727956,
        0.27382767191878205,
        -0.40584680709108806,
        0.12098215593796677,
        0.2810430092359019,
        -0.021216594641646082
      ],
      [
        -0.0227249358451178,
        0.049229958427553865,
        0.2481160601698317,
        -0.10662979695487965,
        -0.23170105836043908,
        -0.3026195141235674,
        -0.11567345563922796,
        0.04180058298527737,
        0.6888219277399504,
        0.06485814992921252,
        -0.004244285660647035,
        0.264096597736249,
        0.03839368701640009,
        0.09689393531376393,
        0.07215512436210543,
        -0.214459687632649,
        -0.022260301160249987,
        -0.1844780125419075,
        -0.1873127942856502,
        0.04865303184599563,
        -0.1577868985744907,
        -0.12812838564979118,
        -0.07083166659612422,
        0.09562931741895259,
        -0.030924617725297882,
        0.6857814532092688,
        -0.10991622265308701,
        -0.011686710651708735,
        -0.03165029282426647,
        -0.19512638382431935,
        -0.1801074538955478,
        0.102229287369157,
        0.40534403132163876,
        0.08754101687488303,
        0.0035976652200841873,
        0.38311112574813116,
        -0.3232013339155592,
        -0.31466647992398866,
        0.2063606435290194,
        0.09875852785531487,
        -0.03434715099530178,
        0.0755884709228336,
        0.07653086330279801,
        0.05090565512611768,
        -0.016697433580441838,
        -0.14808857766721972,
        -0.04886211887742767,
        -0.002435387296956622,
        -0.18497776095345198,
        0.08478679774627507
      ],
      [
        0.3626144222619356,
        0.3188247855912787,
        0.27005861035822337,
        0.10550857220163949,
        0.12022139196354714,
        -0.19411076285682202,
        0.04509915488598213,
        0.2901590356735156,
        0.06485814992921252,
        0.562724990546368,
        -0.3195144761581206,
        0.18509543394020586,
        -0.4798670775971544,
        0.07458642745710972,
        0.4600558397008846,
        0.19873637088525528,
        0.005973585133520562,
        0.26742234643460283,
        0.13693900705071638,
        0.3667546502600534,
        0.18603408008757236,
        0.08843532825868938,
        0.02412391448056073,
        0.2420089902265211,
        -0.0005624492214555259,
        0.08517818356361742,
        0.16203159399497155,
        0.2590992273751202,
        0.26088450463837876,
        -0.06080015692985863,
        0.12688811805443992,
        0.3469807984545703,
        -0.03823836046645119,
        0.3784426585516097,
        0.2998571755349043,
        -0.11524700753188592,
        0.0907502628039534,
        0.08106605102520478,
        0.1388404588167879,
        -0.14511524306130702,
        -0.2906450521149141,
        0.02288506024371731,
        0.3182819976749596,
        0.2710970027812859,
        -0.07103873832594151,
        0.20509413049356623,
        -0.5603332148465833,
        0.2431323459294619,
        0.24156777879219668,
        -0.16267750529898478
      ],
      [
        -0.16343823366658217,
        -0.15156896093562955,
        -0.21742239872052707,
        -0.24038690271367855,
        -0.439960606865406,
        0.16214560878334455,
        -0.27463195702586074,
        -0.02249534068210887,
        -0.004244285660647035,
        -0.3195144761581206,
        1.5232520242351226,
        -0.08034785364891374,
        0.34643440943060794,
        0.34516773875108064,
        -0.30263268678304517,
        -0.3059677936261479,
        -0.1106513976357696,
        -0.3176468333725524,
        -0.3013869947753868,
        -0.3039128172608466,
        -0.2545754423318401,
        -0.2938864880121388,
        -0.663899951383852,
        -0.2036904647241913,
        -0.31521177953494683,
        -0.03414480980282549,
        -0.40089331127467126,
        -0.1613504310954866,
        -0.7539659949892085,
        -0.10990152105033642,
        -0.3222539476603959,
        -0.26483474022542125,
        -0.08737358938977283,
        -0.2284519569942079,
        -0.40875326950261026,
        0.045082723345650576,
        0.022800025471005195,
        -0.07421034570601931,
        -0.0016235253727737218,
        0.13799858007983973,
        1.0571054137661307,
        0.07671345461126257,
        -0.11136214968827327,
        -0.20927689621881218,
        0.14237998846612104,
        -0.1989123938104264,
        0.29852872542537817,
        -0.8822333642860551,
        -0.3810128945134198,
        0.7679597120846848
      ],
      [
        0.08864320779594054,
        0.42481038491451667,
        0.7403281848310661,
        -0.14396108296226767,
        -0.3531956197432236,
        -0.8285809254726757,
        -0.3426214465916499,
        0.5640424161228158,
        0.264096597736249,
        0.18509543394020586,
        -0.08034785364891374,
        0.9128949144397903,
        -0.29735753783234614,
        0.23756641313831034,
        0.09636828975991132,
        -0.13903256919780604,
        -0.14680937373585473,
        -0.08709397640831915,
        -0.21755183264493183,
        0.24358820333037007,
        -0.13882616457099098,
        0.03588096205257808,
        -0.16344245979951932,
        0.18376451414175238,
        -0.1342319146493507,
        0.2943799468972005,
        -0.20390629002015656,
        0.0935154472219005,
        0.041830258958764494,
        -0.019047855996463407,
        -0.10584920915026211,
        0.3774948464825739,
        0.18439745404210195,
        0.30111236857814505,
        0.16890389120267013,
        0.34857911355496213,
        0.1414870635980194,
        0.12923999721573665,
        0.08593685922834003,
        0.03788430391878534,
        -0.12987245479532764,
        0.12385246509347576,
        0.5806353724760976,
        0.07122053415957276,
        -0.1652471648117704,
        0.024114764336553105,
        -0.25933853588296546,
        0.10791031894885034,
        -0.0418387825862988,
        0.015659827089795957
      ],
      [
        -0.338075208807207,
        -0.8903729874608367,
        -0.7786724133888091,
        -0.07238616848610356,
        -0.10460367032350784,
        0.2606326928107546,
        0.01985031198239065,
        -0.5910642923862254,
        0.03839368701640009,
        -0.4798670775971544,
        0.34643440943060794,
        -0.29735753783234614,
        1.3131783817451912,
        -0.26070089515989014,
        -0.352007196989385,
        -0.5593408032909812,
        0.08289822580234753,
        -0.4310477082900812,
        -0.4802764258737257,
        -0.745157416899766,
        -0.58585361895596,
        -0.35552487391504234,
        0.16126941694547556,
        -0.04872206138111745,
        0.11002494262922398,
        0.010999474074395702,
        -0.3656328380377283,
        -0.36775128505904087,
        -0.4108666180928199,
        0.18260140109735248,
        -0.46539181224382536,
        -0.5742136478167923,
        0.13362665904141294,
        -0.7229273336225428,
        -0.5912594884741077,
        0.23679004785253793,
        -0.20629769026461645,
        -0.15873860240483584,
        -0.13225972581522663,
        0.18846714503251008,
        0.3074653514188134,
        -0.08590568758616161,
        -0.5799882670835284,
        -0.5337902237003248,
        0.18700928827393168,
        -0.5626155183085755,
        0.5605317126169845,
        -0.3382297386103898,
        -0.7224055172656261,
        0.21476831700760865
      ],
      [
        0.08147016139832912,
        0.2915892571995571,
        0.27624760036383833,
        -0.08191233861024726,
        -0.19012437465392998,
        -0.22157860733349677,
        -0.19514558620301947,
        0.24383440733742962,
        0.09689393531376393,
        0.07458642745710972,
        0.34516773875108064,
        0.23756641313831034,
        -0.26070089515989014,
        0.759784123282861,
        0.0640484427619237,
        -0.038561346426330224,
        -0.1057323983698082,
        -0.009797233978869883,
        -0.04402822823716276,
        0.23500317659913372,
        0.05067708079460812,
        -0.017625525398076727,
        -0.7233179293258891,
        0.11303443487121255,
        -0.31439524627880233,
        0.10794062622496886,
        -0.1030158100548991,
        0.06578363721464632,
        -0.21005976137994242,
        -0.08992720249032835,
        -0.022445285337958584,
        0.1962030403292008,
        -0.005008701573693555,
        0.27262370539647396,
        0.11283690658608146,
        0.016818148043008123,
        0.12746463458021148,
        0.1021420538232954,
        0.1230203197227541,
        -0.0895736790086799,
        0.2334672562388751,
        0.16408533626910007,
        0.2607129277469056,
        0.10821172307606525,
        -0.08753148808191341,
        0.06273491243939444,
        -0.07690751257124104,
        -0.2664828704113038,
        0.07363489968644114,
        0.2874414347231447
      ],
      [
        0.30376326308700163,
        0.2457027301178336,
        0.20508726390184975,
        0.09812332433509587,
        0.12271410133126062,
        -0.1367589142456625,
        0.04586417903720673,
        0.15170568119102928,
        0.07215512436210543,
        0.4600558397008846,
        -0.30263268678304517,
        0.09636828975991132,
        -0.352007196989385,
        0.0640484427619237,
        0.5176129105595222,
        0.14932931784235315,
        0.03693087149016082,
        0.2168669978654784,
        0.11868210099614337,
        0.31682787061427,
        0.15732010319740738,
        0.07366738860369974,
        0.021914725464811775,
        0.21515998772220432,
        0.014958546624967374,
        0.09102606664012329,
        0.14711222886256473,
        0.19219426897486602,
        0.22421377829879177,
        -0.021967856658860033,
        0.10326788555667304,
        0.284739532466306,
        -0.028427209831711646,
        0.2994807670811919,
        0.2624199363013256,
        -0.08379895882604615,
        0.12360074519275539,
        0.12274658760813958,
        0.13586872391506213,
        -0.1338788703635821,
        -0.272030862647412,
        -0.040591144827529846,
        0.2477135828901766,
        0.20830555803938305,
        -0.05277563282777506,
        0.15297349201067462,
        -0.36537566153898443,
        0.21269598559997815,
        0.17603071481492316,
        -0.15804547700727103
      ],
      [
        0.1577807839551786,
        0.3744864954160016,
        0.03526750261961928,
        0.3066680367911492,
        0.5632842001396681,
        0.06649359156674578,
        0.4474355971352261,
        0.20715832012892116,
        -0.214459687632649,
        0.19873637088525528,
        -0.3059677936261479,
        -0.13903256919780604,
        -0.5593408032909812,
        -0.038561346426330224,
        0.14932931784235315,
        1.0039053227248598,
        0.11571407234534749,
        0.5078756209988802,
        0.9130628447641744,
        0.7343947692650771,
        0.915768366917785,
        0.7258184937570756,
        0.08515256000477858,
        -0.030546744067811164,
        0.04239644705841503,
        -0.19626587933099077,
        0.7752304246539122,
        0.06486312761913306,
        0.725908804628694,
        0.22727996070574383,
        0.8120038760367905,
        0.4919607972450659,
        -0.14538388504549934,
        0.6739323644992176,
        0.7326096097017737,
        -0.21007190180747123,
        -0.01645480506419891,
        -0.014241595477399943,
        0.23583794490496965,
        -0.3939867298024089,
        -0.18997901280929794,
        -0.014803872150770699,
        0.08621550378128057,
        0.7023023935546329,
        -0.36658901094121,
        0.6422339437297703,
        -0.22826282825331992,
        0.5811140838223212,
        0.8927287739584635,
        -0.5781836313796064
      ],
      [
        0.0015987242481726384,
        -0.15122613703208074,
        -0.18618208960674337,
        0.11210890651448682,
        0.272536617372799,
        0.1307313602401346,
        0.21958298014589261,
        -0.1388238628192647,
        -0.022260301160249987,
        0.005973585133520562,
        -0.1106513976357696,
        -0.14680937373585473,
        0.08289822580234753,
        -0.1057323983698082,
        0.03693087149016082,
        0.11571407234534749,
        0.31561281587317735,
        0.08285165748231361,
        0.12941880440754408,
        0.015152783103315451,
        0.10313647044248536,
        0.0379875155403793,
        0.12673276326027258,
        0.02863981484745726,
        0.09468347374785768,
        -0.027742018666505403,
        0.1665780224810712,
        -0.02228488058892807,
        0.16516318552845022,
        0.09168358268869997,
        0.08160282155916661,
        -0.05348568505585278,
        -0.03629981554723608,
        0.0023040284181207855,
        0.10410302687799582,
        -0.06552909821002222,
        -0.07420234268072431,
        -0.027094245135106762,
        0.027789739395135793,
        -0.035266243374618464,
        -0.07171691530623078,
        -0.1767201787438746,
        -0.15763161350410063,
        0.12302854251871023,
        -0.01574562950692582,
        0.021829381384110676,
        0.028643853430734195,
        0.12726824291519573,
        0.045737087829600495,
        -0.1605791064102908
      ],
      [
        0.21407042194903994,
        0.24386442985582607,
        0.04399914118932825,
        0.2435082059756899,
        0.38485970942094855,
        0.06670350487017127,
        0.26816459931077286,
        0.14629426123049372,
        -0.1844780125419075,
        0.26742234643460283,
        -0.3176468333725524,
        -0.08709397640831915,
        -0.4310477082900812,
        -0.009797233978869883,
        0.2168669978654784,
        0.5078756209988802,
        0.08285165748231361,
        0.5003942232500425,
        0.49384878311891756,
        0.3960974766343474,
        0.48336800751214143,
        0.35573099024277155,
        0.0858049939185879,
        0.10512488676777246,
        0.05257241801769755,
        -0.16906747712895107,
        0.46971416311818814,
        0.1469425866644018,
        0.46235375594003936,
        0.10765402627237958,
        0.420306273889634,
        0.2734687265263856,
        -0.14635112813862483,
        0.36334787642418104,
        0.4385796723489826,
        -0.2683157085498487,
        0.05866886788580863,
        0.06274232043916968,
        0.1501822644946729,
        -0.23097765656634286,
        -0.2528091493999424,
        -0.0403342710214254,
        0.07389496913108964,
        0.37884865009779856,
        -0.16068951683286029,
        0.36902836316126764,
        -0.28972253268649156,
        0.37597602949761677,
        0.5124369416019278,
        -0.38308970120289504
      ],
      [
        0.09640010477029166,
        0.35736924634855455,
        -0.021959974707534757,
        0.27934193488047204,
        0.5243908970736447,
        0.1315734899657517,
        0.4310730133288167,
        0.10704096896246948,
        -0.1873127942856502,
        0.13693900705071638,
        -0.3013869947753868,
        -0.21755183264493183,
        -0.4802764258737257,
        -0.04402822823716276,
        0.11868210099614337,
        0.9130628447641744,
        0.12941880440754408,
        0.49384878311891756,
        1.0558222250743738,
        0.7080400723063935,
        0.9719763063036313,
        0.6914151879868179,
        0.09470577425668811,
        -0.09994245983647732,
        0.04740265555980453,
        -0.1731521868762464,
        0.8493035502853971,
        -0.04129146749128161,
        0.7248823157372646,
        0.29028475819634103,
        0.8635289787867034,
        0.4070461560496646,
        -0.08627044200403561,
        0.6385807846009619,
        0.7170520936984347,
        -0.16082716876474162,
        -0.0752232754433433,
        -0.09154916721483147,
        0.14618524322162132,
        -0.36970365050808385,
        -0.18690940762726943,
        -0.02996560999358762,
        0.013841892389580331,
        0.6700537660912991,
        -0.38901301697182905,
        0.6158844759538412,
        -0.14000691659458261,
        0.5782959745579377,
        0.9379114086055275,
        -0.6340299480866856
      ],
      [
        0.24367213593733333,
        0.710153626785597,
        0.4649881022456705,
        0.15531862994260615,
        0.22741520062937706,
        -0.29738276771644806,
        0.13259697614854585,
        0.44712352029724395,
        0.04865303184599563,
        0.3667546502600534,
        -0.3039128172608466,
        0.24358820333037007,
        -0.745157416899766,
        0.23500317659913372,
        0.31682787061427,
        0.7343947692650771,
        0.015152783103315451,
        0.3960974766343474,
        0.7080400723063935,
        1.00978711802301,
        0.8160909960703343,
        0.5928048727744555,
        -0.1761232020208687,
        0.06999949641404311,
        -0.08739915299619913,
        0.08487646321337533,
        0.5339959451094495,
        0.1171514319694221,
        0.5870832213570069,
        0.20029616442924558,
        0.6481700211166185,
        0.6440270111529989,
        -0.06310894122011244,
        0.9428850246350959,
        0.794674642889844,
        -0.025453571270252908,
        0.07959069337445097,
        0.052603440323734374,
        0.2573029188469027,
        -0.41499902509764686,
        -0.2278061577231902,
        0.06922857805903478,
        0.49297753053344995,
        0.712098451567108,
        -0.4425917954371588,
        0.6079202898888347,
        -0.37609903100709835,
        0.4737267266022835,
        0.7784667609468534,
        -0.4314842546982844
      ],
      [
        0.13962452305209833,
        0.4743813788936013,
        0.09628196538270276,
        0.25623537897327286,
        0.4836531440317835,
        0.06962126217149009,
        0.3891232062637729,
        0.19787188077706316,
        -0.1577868985744907,
        0.18603408008757236,
        -0.2545754423318401,
        -0.13882616457099098,
        -0.58585361895596,
        0.05067708079460812,
        0.15732010319740738,
        0.915768366917785,
        0.10313647044248536,
        0.48336800751214143,
        0.9719763063036313,
        0.8160909960703343,
        1.0306670920092005,
        0.6659448196259351,
        -0.027158367271678245,
        -0.07194201617267248,
        0.007964144260308408,
        -0.1394723952170209,
        0.7739405666436482,
        -0.004940821338322859,
        0.67889508742247,
        0.30032837216192226,
        0.8319653427100822,
        0.46059645686242273,
        -0.13661098385348497,
        0.7574696338975818,
        0.7519378107274053,
        -0.16615165451216496,
        -0.023944495722036135,
        -0.04141660549806428,
        0.20216008873096697,
        -0.4403560626496227,
        -0.12963088731616287,
        0.009420141202901229,
        0.1372637686661181,
        0.7107997658771749,
        -0.4413385087256098,
        0.6705832008699428,
        -0.1944827971179697,
        0.516506118988383,
        0.9376694273436255,
        -0.5580886085878688
      ],
      [
        0.08540832037033606,
        0.29536276524839317,
        0.22104882996037428,
        0.19155765727993346,
        0.40812523779203236,
        -0.17218024608688456,
        0.3193851280183135,
        0.18841498150472524,
        -0.12812838564979118,
        0.08843532825868938,
        -0.2938864880121388,
        0.03588096205257808,
        -0.35552487391504234,
        -0.017625525398076727,
        0.07366738860369974,
        0.7258184937570756,
        0.0379875155403793,
        0.35573099024277155,
        0.6914151879868179,
        0.5928048727744555,
        0.6659448196259351,
        1.1273558806004074,
        0.08355230925576453,
        0.0008101635694666348,
        0.010148236918791497,
        -0.08494998813021026,
        0.668485341212716,
        0.043438299383865966,
        0.6501705732724418,
        0.08652394593491315,
        0.7074331513276139,
        0.581958184279201,
        0.018216971112120874,
        0.616049567436919,
        0.6819584646804663,
        0.06688513774623044,
        0.07613377358784337,
        0.10096443928016038,
        0.34011769050473933,
        -0.2163203654647236,
        -0.2211891004992672,
        0.07545006420943258,
        0.09085285740729823,
        0.6158267791228211,
        -0.3597502630575207,
        0.5023037431811577,
