{
  "prob_lower_bound": 0.3433333333333333,
  "working_prob_thresh": 0.3,
  "working_mahal_multiplier": 10000.0,
  "mahal_quantile": 0.975,
  "class_mahal_thresholds": {
    "catch": 93176.4604956787,
    "dribble_right_once": 76319.30039877228,
    "pass_high": 88934.79441401994,
    "shot": 86586.9871912845
  },
  "class_centers": {
    "catch": [
      0.10989181664211536,
      0.008054706672698673,
      0.04022161673089521,
      -0.07369326534519034,
      -0.1525738780445618,
      0.01188487209365501,
      -0.025088299256729205,
      0.11373338328816979,
      0.10092589057382033,
      0.19809195942010244,
      0.009624840418942682,
      0.024262388831333834,
      -0.07790756862826807,
      0.10015260574387781,
      0.16877434034810615,
      -0.12250679732767972,
      -0.10894951462829137,
      -0.03546982075434123,
      -0.1171492461087424,
      -0.043414189931579084,
      -0.10035653978666065,
      -0.10227027111713295,
      -0.005149824931256494,
      -0.05170152608433455,
      -0.1444056644954271,
      0.08510705757017627,
      -0.03194131907028151,
      0.07688195823354065,
      0.011587639696236055,
      -0.11277550874372848,
      -0.16336876797655517,
      -0.02184372182271194,
      -0.09118924169703434,
      -0.002120559888294379,
      -0.03105030166657588,
      0.011499027868642686,
      0.02699110873148934,
      0.0075406848384814325,
      0.041550914079933186,
      0.126109593508735,
      -0.03441354294376022,
      0.07042898254031432,
      0.03605486148395174,
      -0.10227295118336946,
      0.085815381122704,
      -0.12442534610472608,
      -0.18109707790728724,
      0.06997958900718992,
      -0.09536427153677796,
      -0.060038005927082014
    ],
    "dribble_right_once": [
      -0.15478193362971143,
      0.0062738346667987645,
      -0.2134175859945767,
      0.310749200571697,
      0.5246979837216831,
      0.12937367972580302,
      0.5305402803114423,
      -0.09924725638799209,
      -0.4615740804496349,
      -0.2018514618509725,
      -0.08031137348549226,
      -0.2113875735416533,
      -0.15243959299653007,
      -0.17296963949656446,
      -0.1428697568852902,
      0.6947652079245243,
      0.09611259067576884,
      0.45035959878499027,
      0.7803225214634808,
      0.3722507254242099,
      0.6853718207616669,
      0.4952088498928916,
      0.13892202388870986,
      -0.20285347940379628,
      0.010169452241214487,
      -0.4401205801266109,
      0.6247588914038326,
      0.02195349146552215,
      0.5224469930831648,
      0.36273252803302075,
      0.6356416968767904,
      0.1500495222531617,
      -0.06850151533271444,
      0.2905669835634212,
      0.4950205446398874,
      -0.15682586271346985,
      0.0024531606299363056,
      0.06059609069490083,
      0.04482666536265788,
      -0.2577043348923065,
      -0.00227685851074687,
      -0.17739324593895256,
      -0.16750600194319867,
      0.5943365300017206,
      -0.4805004304205154,
      0.6008119038321019,
      0.2132716875218867,
      0.43694171447088986,
      0.742366919785719,
      -0.45045311305051533
    ],
    "pass_high": [
      0.08250974244017993,
      0.2640657800240474,
      0.5025851839193002,
      -0.601842169901765,
      -0.5221563647910621,
      -0.40179794851328415,
      -0.46834114151462114,
      0.3717143826000303,
      0.5625135711119794,
      0.2462761354833207,
      0.12080801825361422,
      0.4764686943656159,
      -0.20690992545438974,
      0.3063488674373129,
      0.27574006773162846,
      -0.5870711780464758,
      -0.2708810419163667,
      -0.37455052481617507,
      -0.622388301369728,
      -0.1543878471119203,
      -0.595562777277853,
      -0.4994650741075519,
      -0.23676887006822883,
      0.20509424903323498,
      -0.22458165553563794,
      0.6065880565875407,
      -0.5700623772595564,
      -0.006238134660315812,
      -0.4348252836199067,
      -0.33601467531835716,
      -0.642711201138149,
      0.009897980580101395,
      0.22941565408942283,
      -0.1054755317614546,
      -0.34160941366983155,
      0.26590023000345286,
      0.005523077068748439,
      0.039166716285619484,
      0.05974062785156581,
      0.3269971933695144,
      -0.054927397305076675,
      0.3166952711085091,
      0.5339431994448891,
      -0.3192570854915087,
      0.265890169504002,
      -0.49580346321178476,
      -0.1600725043739983,
      -0.35522591227624584,
      -0.5081671713935679,
      0.3569566714679038
    ],
    "shot": [
      0.009385792301186986,
      0.049102169580410485,
      -0.26325964809969,
      0.5222457300577861,
      0.511859961992505,
      0.2019116471421052,
      0.4370216374997548,
      -0.1834362809292375,
      -0.5003858131037507,
      -0.11501610401083409,
      -0.05780882601847679,
      -0.3245252936953161,
      -0.07650019519591106,
      -0.21920009234322754,
      -0.1277359463574002,
      0.6858893951465924,
      0.044341662434257766,
      0.5966035644969963,
      0.7194463146771887,
      0.4443437057455767,
      0.7118610903594222,
      0.36886141533930233,
      0.17020214914393408,
      -0.008758970678963642,
      -0.016989247875003957,
      -0.4681109748137594,
      0.6059620540254923,
      0.054378249819696106,
      0.5649730620156237,
      0.46563861457731337,
      0.6056578136168635,
      0.15990783399843642,
      -0.2448650384844145,
      0.3254404340419319,
      0.4710244115282559,
      -0.3018422475261993,
      0.017639729835034423,
      0.06583775452985112,
      0.1183717419889251,
      -0.3676299490113185,
      0.05901324350675993,
      -0.09632605946794899,
      -0.19689372448201173,
      0.31248318054104357,
      -0.5013526954070384,
      0.5767086617943901,
      0.07578440952901351,
      0.4244337913981846,
      0.5942324159001519,
      -0.4164568838924711
    ]
  },
  "class_covs": {
    "catch": [
      [
        1.1007663496855968,
        0.4254769624185074,
        0.26281040471060707,
        0.25605657449702207,
        0.22371390258338375,
        -0.15392826961957853,
        0.11477968139132207,
        0.4965519217420989,
        -0.052821233199831306,
        1.0119010534840613,
        -0.2796419567063114,
        0.1565187153953345,
        -0.5890088890475376,
        0.16586494769499274,
        0.8368877261489065,
        0.2909573804629866,
        0.00508036446838197,
        0.5730724299434428,
        0.18329182687219248,
        0.4901507597112121,
        0.26901166310469327,
        0.13713134339000302,
        -0.06589902326976173,
        0.42741290734986576,
        0.0010532689974030467,
        -0.018725457930500223,
        0.22726025670599637,
        0.5177468423121387,
        0.26051999356224814,
        -0.05477501274953124,
        0.1585271281138817,
        0.46195513459756005,
        -0.19554263197742122,
        0.5005239712475114,
        0.3698655674111991,
        -0.3041675133909928,
        0.25678729861948585,
        0.2206348429947114,
        0.2472101816396458,
        -0.21314059303232588,
        -0.27929165606756434,
        0.09751531241306137,
        0.45855695990924605,
        0.2906856745090749,
        -0.10678723711782605,
        0.371863701016155,
        -0.9500180466053361,
        0.20451980551253157,
        0.3218380141334184,
        -0.12076386389075093
      ],
      [
        0.4254769624185074,
        1.0408428510341223,
        0.762217520747916,
        -0.12472153690105728,
        -0.18697937812625232,
        -0.36639623918688186,
        -0.27997688175795016,
        0.7204410441702079,
        0.06263504644684088,
        0.48699793012568815,
        -0.14195183464001696,
        0.4105801984565007,
        -0.8491072793204011,
        0.32494482379770084,
        0.37053052819533616,
        0.3780014743175227,
        -0.26304510882376186,
        0.3573414317958624,
        0.37193310395937146,
        0.7819125496418803,
        0.5002868691250977,
        0.2595818713579872,
        -0.29870058534515076,
        0.0015451399612162711,
        -0.22106503050717582,
        0.09756895297132444,
        0.2413592697697815,
        0.27928961183828666,
        0.21020635384408476,
        -0.027572199111002334,
        0.39241451499645663,
        0.527704401225143,
        -0.13109347007291486,
        0.6984584652003976,
        0.4930508062172521,
        -0.030254851764424818,
        0.3994637330419537,
        0.31829585881789874,
        0.09004892754931032,
        -0.15959567832605795,
        -0.15285772689651614,
        0.1784759383057307,
        0.7606618312216925,
        0.3100876059675256,
        -0.39260854584207416,
        0.5447522368192474,
        -0.48904432394572633,
        0.15600820254021477,
        0.5698182757119189,
        -0.10988191348762291
      ],
      [
        0.26281040471060707,
        0.762217520747916,
        0.9958493976788186,
        -0.23727184264473605,
        -0.23854346657539877,
        -0.5492000029195516,
        -0.3316771662258472,
        0.6201779334312905,
        0.26517660669982057,
        0.3465177337092942,
        -0.17105170877610074,
        0.6010623938294106,
        -0.6237890903846923,
        0.25860029480765595,
        0.2598035626835203,
        0.029903666305061638,
        -0.272040566292544,
        0.054159109134300026,
        -0.0191987030598102,
        0.43007095431501324,
        0.08529602956204368,
        0.16319213787965778,
        -0.20769925830842426,
        0.12008607788202348,
        -0.1695159647363509,
        0.3006638978614287,
        -0.011567658547391063,
        0.30134114878330276,
        0.06417040684647927,
        -0.3360204161380855,
        0.08398246276004626,
        0.4204331097727936,
        0.0015730652884800636,
        0.43016106295535483,
        0.2643230923569697,
        0.18793448833588314,
        0.33590846695157617,
        0.32197180592544966,
        0.1151113218202494,
        0.034452159515146824,
        -0.11484294171827054,
        0.1515098056931101,
        0.6781940876740005,
        0.12325119321172916,
        -0.22778150070663442,
        0.21824515537643116,
        -0.35176810613542453,
        0.06944657830015628,
        0.2086334141474879,
        0.049567500637947404
      ],
      [
        0.25605657449702207,
        -0.12472153690105728,
        -0.23727184264473605,
        0.9806063483839051,
        0.6747059530763884,
        0.1756711042926127,
        0.6266097736873254,
        -0.09673432395355121,
        -0.21225794653019633,
        0.25215072801130883,
        -0.3522402491869775,
        -0.21769347988377039,
        -0.10800493977493675,
        -0.14281863250546295,
        0.23151743811293848,
        0.48430983346916257,
        0.30509910253967604,
        0.5582721421620954,
        0.4548636548485763,
        0.2675634989400779,
        0.42279321197032577,
        0.2633998795889237,
        0.23761108657251062,
        0.22868654381804251,
        0.19845807451284453,
        -0.19652827643636867,
        0.49201434659715854,
        0.11048423142651292,
        0.4590358803395392,
        0.1811694487284122,
        0.3479706878128608,
        0.09934234178321062,
        -0.17319865528562187,
        0.21504546783242187,
        0.3625643228273433,
        -0.22417371803259747,
        -0.1140702691480558,
        -0.04834251117638105,
        0.1916088795644835,
        -0.3464635477354567,
        -0.24258355003819942,
        -0.14064227725495873,
        -0.17687902431995847,
        0.25729626661676996,
        -0.19586716093796872,
        0.36961646981077745,
        -0.21404506886946795,
        0.36492541748651186,
        0.3747836647432689,
        -0.4446155347990105
      ],
      [
        0.22371390258338375,
        -0.18697937812625232,
        -0.23854346657539877,
        0.6747059530763884,
        0.9247469109612609,
        0.25598378339525024,
        0.788438879873151,
        -0.21593889260741236,
        -0.28343665887606817,
        0.17656184513751183,
        -0.39617274675979186,
        -0.32821486899460445,
        -0.09591302297326697,
        -0.20371169853831586,
        0.17792974331958444,
        0.5466696583034683,
        0.45579368221951433,
        0.5422223686199007,
        0.5247384280979179,
        0.24074952103044955,
        0.490417042543432,
        0.3448673921215192,
        0.28289404518281114,
        0.24396015820358805,
        0.22754512183521958,
        -0.2694017952526413,
        0.6103503612275045,
        0.10324783191362995,
        0.5209461036514226,
        0.14202930640668895,
        0.4260760680224976,
        0.10679471279796325,
        -0.2018758205845421,
        0.2118928687486937,
        0.40878115918916175,
        -0.25224313018586464,
        -0.12692077434377302,
        -0.025388100477737215,
        0.19837515089280408,
        -0.3093283128327029,
        -0.2480717256512661,
        -0.2271322316108187,
        -0.2969510775771826,
        0.2953554424541636,
        -0.24130130088406085,
        0.38303484305302693,
        -0.13426461887642926,
        0.42145711225887605,
        0.43353424369175786,
        -0.4793951795456737
      ],
      [
        -0.15392826961957853,
        -0.36639623918688186,
        -0.5492000029195516,
        0.1756711042926127,
        0.25598378339525024,
        0.7386138903113967,
        0.3104021270342677,
        -0.5427319278519388,
        -0.336510364871972,
        -0.25914225673675745,
        0.1327240144740912,
        -0.6999248094045013,
        0.21723663179345457,
        -0.2158139497886403,
        -0.18025330593255195,
        0.058661167908513105,
        0.19874523874295075,
        0.08542739233668115,
        0.11968221927668099,
        -0.2861773477474244,
        0.06417220239479053,
        -0.13225604121184564,
        0.12942214500610214,
        -0.2048759845616623,
        0.16339811315282207,
        -0.3711480325592188,
        0.0993289323234078,
        -0.08265057751996441,
        -0.13812546904378076,
        0.0027924145586260022,
        0.00532944828636126,
        -0.4870686093356686,
        -0.27746694760803425,
        -0.3415025551036213,
        -0.2561867240645684,
        -0.39986732673552144,
        -0.12094683743865037,
        -0.13878241341722303,
        -0.09928474472595433,
        -0.030447043104175193,
        0.1605116260782715,
        -0.19478625475304298,
        -0.5601283335360312,
        -0.1253958123571727,
        0.28569391212001083,
        -0.06593725141323466,
        0.27693026322527897,
        -0.19554812542117483,
        -0.03480594155327609,
        0.0748647739391196
      ],
      [
        0.11477968139132207,
        -0.27997688175795016,
        -0.3316771662258472,
        0.6266097736873254,
        0.788438879873151,
        0.3104021270342677,
        0.9520042818129799,
        -0.29539073765525176,
        -0.1677817853915185,
        0.07853560786531365,
        -0.2932276872325458,
        -0.37752054083551406,
        0.02158147343378895,
        -0.24792481814870468,
        0.07885165339726695,
        0.5148859395426084,
        0.4354368844415288,
        0.4479809300011466,
        0.5114717605465612,
        0.16644189861339645,
        0.46784475999913633,
        0.3200047833167905,
        0.30520949274503006,
        0.1497624188598143,
        0.2847300836328892,
        -0.16483827793986458,
        0.619053621352926,
        0.06117423999235813,
        0.49438941554761745,
        0.11263663936120198,
        0.3657244749396862,
        0.025854286709919787,
        -0.10343616531830485,
        0.15757925635035516,
        0.32802853045181574,
        -0.16809455164400958,
        -0.32499337098886677,
        -0.2397367745459528,
        0.17830891149425707,
        -0.2907578677886156,
        -0.1514896756306412,
        -0.1966701599106444,
        -0.38621548410496437,
        0.29865660189837484,
        -0.21366253495348925,
        0.32311639186701385,
        -0.060010271579852746,
        0.3808201822181821,
        0.369134374166692,
        -0.4366978365842185
      ],
      [
        0.4965519217420989,
        0.7204410441702079,
        0.6201779334312905,
        -0.09673432395355121,
        -0.21593889260741236,
        -0.5427319278519388,
        -0.29539073765525176,
        1.0065138428869826,
        0.06325628653503344,
        0.5271625592179133,
        -0.0250585957862687,
        0.6484075439008192,
        -0.6704381687140283,
        0.32319639787854887,
        0.2721129920401257,
        0.24870993430406582,
        -0.2872108989115107,
        0.25497383971538734,
        0.1325046470002122,
        0.5855538078847129,
        0.24820411206231677,
        0.1969552061700476,
        -0.26669133562084707,
        0.1282296254622706,
        -0.21641193811660114,
        0.10031340785143733,
        0.03858395197405828,
        0.23218279279052528,
        0.16782574175563675,
        -0.0596794957152767,
        0.16358867149413706,
        0.5761187794126011,
        -0.05907275379387982,
        0.6254933523608461,
        0.3903022127001253,
        -0.0003055619043759411,
        0.28772030715228214,
        0.2095809407658941,
        0.18943033260576309,
        -0.15050941359712494,
        -0.05049182292908332,
        0.20446914082338363,
        0.7898120331337565,
        0.277490574433519,
        -0.2960053849655813,
        0.4141823228499265,
        -0.656714743601319,
        0.13490406404784258,
        0.33379655751284226,
        -0.025583779350760345
      ],
      [
        -0.052821233199831306,
        0.06263504644684088,
        0.26517660669982057,
        -0.21225794653019633,
        -0.28343665887606817,
        -0.336510364871972,
        -0.1677817853915185,
        0.06325628653503344,
        1.039837620030364,
        0.11799311159597839,
        -0.004734263230239876,
        0.3040064096946044,
        0.04360813035896529,
        0.12860319473750764,
        0.12959798573736647,
        -0.2578220519491819,
        -0.04611598258560311,
        -0.32195604550598705,
        -0.23218393088443576,
        0.06380178682943201,
        -0.19818896499692987,
        -0.13411613418301183,
        -0.09041027525723147,
        0.13650943953384162,
        -0.05298785747212413,
        1.014037806620091,
        -0.15316001946957297,
        -0.017789108327761212,
        -0.03648286724002309,
        -0.26400411944139446,
        -0.21642112630450314,
        0.1270940981482828,
        0.5154891076531678,
        0.1098741026994466,
        0.0044046691995383086,
        0.4728981693202517,
        -0.45927719228090164,
        -0.4537464908044799,
        0.2533380067689289,
        0.12220884933000196,
        -0.037451570851965654,
        0.12952238918298006,
        0.1093384966363737,
        0.05225262835522907,
        -0.030662860335261458,
        -0.22429491436297042,
        -0.07917180898631043,
        -0.00271928914709924,
        -0.21999470296633597,
        0.10237664524164806
      ],
      [
        1.0119010534840613,
        0.48699793012568815,
        0.3465177337092942,
        0.25215072801130883,
        0.17656184513751183,
        -0.25914225673675745,
        0.07853560786531365,
        0.5271625592179133,
        0.11799311159597839,
        1.2097602149509505,
        -0.42788340079205583,
        0.2558012979078254,
        -0.6543584371663801,
        0.11885078990461127,
        0.9920389502357491,
        0.2868394298909783,
        0.014857392364296828,
        0.5603208363848453,
        0.20378818232717802,
        0.5774118152757136,
        0.28053570597000665,
        0.11113441527238942,
        0.036967937012939725,
        0.4147536642032749,
        -0.0011570242033825857,
        0.15121117578133197,
        0.2710631159933566,
        0.4734946871991703,
        0.3610327666305449,
        -0.09876123496397121,
        0.18305265256243794,
        0.5178960476691421,
        -0.058382417966861444,
        0.5702574179467319,
        0.44075180541976255,
        -0.17078889560355637,
        0.15482344615084595,
        0.1403424065644798,
        0.2046334471313493,
        -0.2155897879454915,
        -0.38047783107349653,
        0.047079132424517986,
        0.5459283720567916,
        0.334082656369471,
        -0.15661930200989974,
        0.37293934227618325,
        -1.0900131651633596,
        0.3259246424465643,
        0.3449203483272054,
        -0.2358236023396566
      ],
      [
        -0.2796419567063114,
        -0.14195183464001696,
        -0.17105170877610074,
        -0.3522402491869775,
        -0.39617274675979186,
        0.1327240144740912,
        -0.2932276872325458,
        -0.0250585957862687,
        -0.004734263230239876,
        -0.42788340079205583,
        1.2627174657825075,
        -0.06808273842269287,
        0.28964862445780915,
        0.33723152119728694,
        -0.4001194907186991,
        -0.2707652385888373,
        -0.1687408127187329,
        -0.4080743572447203,
        -0.27499957757842886,
        -0.2933693584564879,
        -0.23537906782888576,
        -0.2264425793222456,
        -0.6237862100443893,
        -0.2140351633522556,
        -0.3975733454144767,
        -0.03716515182581699,
        -0.4112020108680473,
        -0.18079017286985102,
        -0.6397433661188976,
        -0.10945641314900217,
        -0.2850421033329734,
        -0.24236382953352975,
        -0.08179348065757154,
        -0.21106753529610625,
        -0.36838046436175786,
        0.040963382723138646,
        0.02384953238334665,
        -0.07877167020092207,
        -0.001467152836890404,
        0.12570294918587843,
        0.8484776710252786,
        0.09676173103201166,
        -0.11711617861452742,
        -0.15812706033006527,
        0.1924662991075481,
        -0.22176985387558798,
        0.35606329026350914,
        -0.7251262591515594,
        -0.33356093391310915,
        0.6825805358810373
      ],
      [
        0.1565187153953345,
        0.4105801984565007,
        0.6010623938294106,
        -0.21769347988377039,
        -0.32821486899460445,
        -0.6999248094045013,
        -0.37752054083551406,
        0.6484075439008192,
        0.3040064096946044,
        0.2558012979078254,
        -0.06808273842269287,
        0.8090464811320143,
        -0.2565674392971141,
        0.23952736866611155,
        0.13148619697228578,
        -0.12697139181969022,
        -0.23104105419188867,
        -0.11546624249716617,
        -0.2048530354649888,
        0.24265772723088644,
        -0.13246306375467037,
        0.02853084877863018,
        -0.15847843046089571,
        0.1992728898289513,
        -0.1747200499231356,
        0.3306675478962075,
        -0.21583863273323517,
        0.10813348100087267,
        0.036628296758852055,
        -0.019577433034176216,
        -0.09662077666586234,
        0.35651353134099034,
        0.17814169146383949,
        0.2870960980184416,
        0.15708949562066066,
        0.32685803852398687,
        0.1527331849827315,
        0.14157112330173505,
        0.08014342409739789,
        0.0356124866974952,
        -0.10757498865962654,
        0.1612162749976957,
        0.630165925254202,
        0.05553442466604388,
        -0.23052174463447178,
        0.027745709016388186,
        -0.3192127777992441,
        0.09153038090822235,
        -0.037799554849563745,
        0.014363972470998198
      ],
      [
        -0.5890088890475376,
        -0.8491072793204011,
        -0.6237890903846923,
        -0.10800493977493675,
        -0.09591302297326697,
        0.21723663179345457,
        0.02158147343378895,
        -0.6704381687140283,
        0.04360813035896529,
        -0.6543584371663801,
        0.28964862445780915,
        -0.2565674392971141,
        1.129276001471166,
        -0.25935841197905957,
        -0.47389842859020204,
        -0.5040267043057951,
        0.12872660644107745,
        -0.5638712701014624,
        -0.44622987264675457,
        -0.7324426327938873,
        -0.5515695727614592,
        -0.2789384074320898,
        0.15429256553550025,
        -0.05213146574327035,
        0.14130769882429675,
        0.012191102582345282,
        -0.3818840016672419,
        -0.4195838279192379,
        -0.35498887370227367,
        0.18518314971254377,
        -0.41916919443376405,
        -0.5350892357512954,
        0.12737713441784446,
        -0.6801129643517125,
        -0.5425919256101568,
        0.21908314531686016,
        -0.21973475484197097,
        -0.1715726279494167,
        -0.12170369036485704,
        0.17481003220532457,
        0.25129170575842996,
        -0.11033514208259713,
        -0.6210954496244289,
        -0.410691182665399,
        0.2574119895103494,
        -0.6387225146842168,
        0.680771105002956,
        -0.28307518285912187,
        -0.6439859813566834,
        0.19437729254446362
      ],
      [
        0.16586494769499274,
        0.32494482379770084,
        0.25860029480765595,
        -0.14281863250546295,
        -0.20371169853831586,
        -0.2158139497886403,
        -0.24792481814870468,
        0.32319639787854887,
        0.12860319473750764,
        0.11885078990461127,
        0.33723152119728694,
        0.23952736866611155,
        -0.25935841197905957,
        0.8874251477508105,
        0.10076038448223532,
        -0.04060474149081602,
        -0.19185745684957473,
        -0.014976337628043382,
        -0.04780200302308136,
        0.2699273149399057,
        0.05575326283019542,
        -0.01615949978061058,
        -0.8086670177093905,
        0.14132941586850808,
        -0.47184369849868896,
        0.1397988226526906,
        -0.1257296389996562,
        0.08770612817850759,
        -0.21208222310662925,
        -0.10657024389923934,
        -0.023623446894856653,
        0.21365150290391258,
        -0.005579188515286241,
        0.2997074506382315,
        0.12100237377458321,
        0.01818323738210295,
        0.15865055968919045,
        0.12900827035595386,
        0.13228192189162835,
        -0.09708645162648837,
        0.22297463788681524,
        0.24626870525264533,
        0.3262490242356223,
        0.09728963883760076,
        -0.14079181932965226,
        0.0832256756833674,
        -0.10914835790352315,
        -0.2606194474004774,
        0.07670551218414969,
        0.30399903288934865
      ],
      [
        0.8368877261489065,
        0.37053052819533616,
        0.2598035626835203,
        0.23151743811293848,
        0.17792974331958444,
        -0.18025330593255195,
        0.07885165339726695,
        0.2721129920401257,
        0.12959798573736647,
        0.9920389502357491,
        -0.4001194907186991,
        0.13148619697228578,
        -0.47389842859020204,
        0.10076038448223532,
        1.0839125913080374,
        0.21278722516571769,
        0.09068512702969962,
        0.44861265381773274,
        0.17437170795307097,
        0.49246162066536653,
        0.23421722492124608,
        0.0913980701939463,
        0.0331552604674296,
        0.36404847582365046,
        0.030379980985738284,
        0.159536576006496,
        0.24297325499668823,
        0.34675952560274104,
        0.3063371066808979,
        -0.035229661648141876,
        0.14708193318859608,
        0.4195888091075744,
        -0.042850512880935575,
        0.44553186395600686,
        0.38081623421847804,
        -0.12260482725635566,
        0.2081847446250628,
        0.20979653132468135,
        0.19770563640299013,
        -0.19636594200159338,
        -0.35157952599115255,
        -0.08244164817766896,
        0.41948108759557134,
        0.253436432390685,
        -0.11487419168091476,
        0.27462503413670136,
        -0.7017201790192371,
        0.2814963219617099,
        0.24814597594929627,
        -0.22619385970205175
      ],
      [
        0.2909573804629866,
        0.3780014743175227,
        0.029903666305061638,
        0.48430983346916257,
        0.5466696583034683,
        0.058661167908513105,
        0.5148859395426084,
        0.24870993430406582,
        -0.2578220519491819,
        0.2868394298909783,
        -0.2707652385888373,
        -0.12697139181969022,
        -0.5040267043057951,
        -0.04060474149081602,
        0.21278722516571769,
        0.9664394867062014,
        0.19018488878113696,
        0.7031997985271529,
        0.8979140875131417,
        0.7640502212793345,
        0.9125644903685494,
        0.6027442834176766,
        0.08622981176100174,
        -0.03459441188802255,
        0.05763295407595244,
        -0.23024097412039163,
        0.8570059248432719,
        0.07833018858857549,
        0.6638388917139952,
        0.2439637223191636,
        0.7740971461283627,
        0.4852325709994423,
        -0.14668353873578469,
        0.6710725359956164,
        0.7115977378358193,
        -0.20572176117091578,
        -0.018550852572901146,
        -0.016292616729629693,
        0.22969765180920038,
        -0.38679338641480837,
        -0.16434418557545127,
        -0.020124912950547046,
        0.09772175412367409,
        0.5719204902664976,
        -0.5340867212495908,
        0.7717213547674767,
        -0.29342888558005564,
        0.5147758353609553,
        0.8423287743780715,
        -0.5538700115447861
      ],
      [
        0.00508036446838197,
        -0.26304510882376186,
        -0.272040566292544,
        0.30509910253967604,
        0.45579368221951433,
        0.19874523874295075,
        0.4354368844415288,
        -0.2872108989115107,
        -0.04611598258560311,
        0.014857392364296828,
        -0.1687408127187329,
        -0.23104105419188867,
        0.12872660644107745,
        -0.19185745684957473,
        0.09068512702969962,
        0.19018488878113696,
        0.8597146127769373,
        0.19768267617925392,
        0.21931964678674165,
        0.027166317815065923,
        0.17710720609997482,
        0.0543615711977843,
        0.22115393578355808,
        0.055892980765627646,
        0.22180005016394735,
        -0.05608179540383528,
        0.3173341104803304,
        -0.04637539662429297,
        0.2602794728164979,
        0.16959057810252187,
        0.13405671684401793,
        -0.09090819827660292,
        -0.06311252652776016,
        0.00395354806573015,
        0.17424942126442677,
        -0.11058405150252444,
        -0.1441566856010808,
        -0.053414023191561175,
        0.046641594322028995,
        -0.05966267004794636,
        -0.10690951460710749,
        -0.4139909680473667,
        -0.3078897593796495,
        0.1726487452175314,
        -0.03953105510218066,
        0.04520169604715482,
        0.06345197616683348,
        0.19427764867690725,
        0.07436638179366362,
        -0.2650801058791946
      ],
      [
        0.5730724299434428,
        0.3573414317958624,
        0.054159109134300026,
        0.5582721421620954,
        0.5422223686199007,
        0.08542739233668115,
        0.4479809300011466,
        0.25497383971538734,
        -0.32195604550598705,
        0.5603208363848453,
        -0.4080743572447203,
        -0.11546624249716617,
        -0.5638712701014624,
        -0.014976337628043382,
        0.44861265381773274,
        0.7031997985271529,
        0.19768267617925392,
        0.9904907747246672,
        0.7050268953086046,
        0.5982352347699801,
        0.6992515088516272,
        0.4288489523733512,
        0.12613914291570896,
        0.17283199718853684,
        0.10374733554896931,
        -0.28792240647902023,
        0.7538140938475878,
        0.2576063407482098,
        0.6138080787951775,
        0.16775364460746464,
        0.5816755626696498,
        0.39156575099208046,
        -0.21435754027934065,
        0.5252346396747802,
        0.6184264106399676,
        -0.38144853168565174,
        0.09601883271846953,
        0.10420063216067717,
        0.21234356482019814,
        -0.32918876007906794,
        -0.31748198442001174,
        -0.07959952547613267,
        0.12159013417010638,
        0.44787295044260567,
        -0.33985797469359486,
        0.6437312482894808,
        -0.5406640895837096,
        0.4834977862872266,
        0.7019078767839487,
        -0.532745902040347
      ],
      [
        0.18329182687219248,
        0.37193310395937146,
        -0.0191987030598102,
        0.4548636548485763,
        0.5247384280979179,
        0.11968221927668099,
        0.5114717605465612,
        0.1325046470002122,
        -0.23218393088443576,
        0.20378818232717802,
        -0.27499957757842886,
        -0.2048530354649888,
        -0.44622987264675457,
        -0.04780200302308136,
        0.17437170795307097,
        0.8979140875131417,
        0.21931964678674165,
        0.7050268953086046,
        1.0781326091500887,
        0.7595222381555482,
        0.9986744328375017,
        0.5920171816335653,
        0.09888411100712367,
        -0.11670282941757754,
        0.06644073302065248,
        -0.2094383057975018,
        0.9680689277893841,
        -0.05141406349598158,
        0.6834999052366101,
        0.3212762811683372,
        0.8487985049948812,
        0.41395528502882784,
        -0.08974648688985398,
        0.6556307643796555,
        0.7181298538929072,
        -0.16239101957569865,
        -0.08744071451971953,
        -0.10798835336510837,
        0.1468036095046886,
        -0.3742325077405441,
        -0.16671328283544315,
        -0.04200220913832373,
        0.016176765050132172,
        0.5626152318877029,
        -0.5843684999178946,
        0.7630567622852753,
        -0.18556987996570984,
        0.528198599905979,
        0.9124608669765344,
        -0.6262419505252826
      ],
      [
        0.4901507597112121,
        0.7819125496418803,
        0.43007095431501324,
        0.2675634989400779,
        0.24074952103044955,
        -0.2861773477474244,
        0.16644189861339645,
        0.5855538078847129,
        0.06380178682943201,
        0.5774118152757136,
        -0.2933693584564879,
        0.24265772723088644,
        -0.7324426327938873,
        0.2699273149399057,
        0.49246162066536653,
        0.7640502212793345,
        0.027166317815065923,
        0.5982352347699801,
        0.7595222381555482,
        1.1507497142657692,
        0.8870846320850422,
        0.536988984167178,
        -0.1945471365857715,
        0.08647378781187155,
        -0.12959766683300272,
        0.10861095325186772,
        0.6439312715001221,
        0.15432185289256709,
        0.5856374465984356,
        0.23452291292314453,
        0.6740232008876765,
        0.6929024107240357,
        -0.06945516447895282,
        1.0241426012988537,
        0.8419762564337051,
        -0.02719002035331712,
        0.09787729580821374,
        0.0656439771053163,
        0.2733607315665954,
        -0.4444194559862192,
        -0.21496250655850624,
        0.10265796184494903,
        0.6095110033693261,
        0.6325576184232351,
        -0.7033706441205401,
        0.796824066619157,
        -0.5273736493982168,
        0.4577550875090863,
        0.8012180395552065,
        -0.4508743747624731
      ],
      [
        0.26901166310469327,
        0.5002868691250977,
        0.08529602956204368,
        0.42279321197032577,
        0.490417042543432,
        0.06417220239479053,
        0.46784475999913633,
        0.24820411206231677,
        -0.19818896499692987,
        0.28053570597000665,
        -0.23537906782888576,
        -0.13246306375467037,
        -0.5515695727614592,
        0.05575326283019542,
        0.23421722492124608,
        0.9125644903685494,
        0.17710720609997482,
        0.6992515088516272,
        0.9986744328375017,
        0.8870846320850422,
        1.080014117277524,
        0.5777998883493172,
        -0.028734095081201637,
        -0.08512512619765873,
        0.01131135607937542,
        -0.1709464975975839,
        0.89391199553701,
        -0.006233968083718441,
        0.6486604705959409,
        0.3368174673520922,
        0.8286606905863861,
        0.4746507588367668,
        -0.1440074187566386,
        0.7880477216829439,
        0.7630939488299583,
        -0.17000084304450402,
        -0.028204016870853114,
        -0.049504061899654665,
        0.20571806543270799,
        -0.45168489121359395,
        -0.11716323352732469,
        0.013379818918851254,
        0.16255335619984504,
        0.6047737356928756,
        -0.6717973707808995,
        0.8418875176696239,
        -0.2612059109685821,
        0.4780423362965032,
        0.9243703319323282,
        -0.5585722492687228
      ],
      [
        0.13713134339000302,
        0.2595818713579872,
        0.16319213787965778,
        0.2633998795889237,
        0.3448673921215192,
        -0.13225604121184564,
        0.3200047833167905,
        0.1969552061700476,
        -0.13411613418301183,
        0.11113441527238942,
        -0.2264425793222456,
        0.02853084877863018,
        -0.2789384074320898,
        -0.01615949978061058,
        0.0913980701939463,
        0.6027442834176766,
        0.0543615711977843,
        0.4288489523733512,
        0.5920171816335653,
        0.536988984167178,
        0.5777998883493172,
        0.8293730902260578,
        0.07366809976303669,
        0.0007988679850755135,
        0.012011390768741966,
        -0.08676856460615755,
        0.6434372283847644,
        0.04567361442841565,
        0.5176893357463163,
        0.08086520718905116,
        0.5871973034844437,
        0.4997726773135716,
        0.016003042518738703,
        0.5341092386663274,
        0.5767414341246755,
        0.05702997394593444,
        0.07473254451227151,
        0.10056848644658993,
        0.2884253152843062,
        -0.18490818441860846,
        -0.16659951023409286,
        0.08930578234156572,
        0.08966144949592457,
        0.43664788299047436,
        -0.4563465161101268,
        0.5255269085059692,
        -0.10484651460098655,
        0.4519271437790949,
        0.5646865519229531,
        -0.3968346217539664
      ],
      [
        -0.06589902326976173,
        -0.29870058534515076,
        -0.20769925830842426,
        0.23761108657251062,
        0.28289404518281114,
        0.12942214500610214,
        0.30520949274503006,
        -0.26669133562084707,
        -0.09041027525723147,
        0.036967937012939725,
        -0.6237862100443893,
        -0.15847843046089571,
        0.15429256553550025,
        -0.8086670177093905,
        0.0331552604674296,
        0.08622981176100174,
        0.22115393578355808,
        0.12613914291570896,
        0.09888411100712367,
        -0.1945471365857715,
        -0.028734095081201637,
        0.07366809976303669,
        1.0280311373801714,
        -0.01643000323094152,
        0.5430223382591776,
        -0.09198867651826942,
        0.23171311410269171,
        -0.0420933920024336,
        0.4095152665391893,
        0.08442940708244141,
        0.06245873491090841,
        -0.138417023291726,
        0.0472350902526275,
        -0.24379246203179816,
        -0.016093785436160114,
        -0.030563617602795703,
        -0.19532031750208137,
        -0.13400522219735495,
        -0.08540261199577884,
        0.06566425463953655,
        -0.4813635536523359,
        -0.25129046501477,
        -0.2870093068824208,
        -0.052007833060430594,
        0.1139188492504155,
        -0.05175434696850539,
        -0.03215885588782043,
        0.49748054245059425,
        0.0016340522696655247,
        -0.515549985277063
      ],
      [
        0.42741290734986576,
        0.0015451399612162711,
        0.12008607788202348,
        0.22868654381804251,
        0.24396015820358805,
        -0.2048759845616623,
        0.1497624188598143,
        0.1282296254622706,
        0.13650943953384162,
        0.4147536642032749,
        -0.2140351633522556,
        0.1992728898289513,
