{
  "prob_lower_bound": 0.25666666666666665,
  "working_prob_thresh": 0.3,
  "working_mahal_multiplier": 10000.0,
  "mahal_quantile": 0.975,
  "class_mahal_thresholds": {
    "catch": 93296.7641556411,
    "defense": 87599.77786744964,
    "dribble_right_once": 76491.2947657313,
    "null": 157337.01015761198,
    "pass_high": 89314.28592433708,
    "shot": 87001.82618920502
  },
  "class_centers": {
    "catch": [
      0.0224485883088692,
      -0.002393301167977802,
      0.0011877990806274468,
      0.09908725469740114,
      -0.02215816718341499,
      0.0953197132569801,
      0.09805825724542835,
      0.3002224207455506,
      -0.07007587827067002,
      0.17441494521025383,
      -0.1567538614013711,
      0.16489217414963592,
      -0.022076507009801564,
      0.003270937648626431,
      0.1498519062149722,
      -0.1079322798220379,
      -0.16565682786075794,
      -0.010373406510365358,
      -0.03252163368410379,
      -0.02633649230469463,
      -0.013335861313905016,
      -0.1048714066276638,
      0.14649256072634115,
      -0.14683856236081222,
      -0.09118200238647171,
      -0.11129139772718893,
      0.10518058629034588,
      0.11024480450902804,
      0.22256218207433887,
      -0.38290613668561957,
      -0.057449148157154586,
      -0.2397957950880303,
      0.06962265422660299,
      0.004859498592049336,
      0.1022118486704732,
      -0.29092435763287716,
      0.04695333699842607,
      0.01444678283952683,
      0.3292380047950361,
      0.053402659486307756,
      -0.22358703670511296,
      -0.10688837360312375,
      0.25809534722652,
      -0.19759443695181095,
      -0.03953813105548529,
      0.06680971228898934,
      -0.16253884219407594,
      0.3179430731503345,
      0.004205750774074531,
      -0.30430739987040406
    ],
    "defense": [
      1.061217354765119,
      2.209531452706291,
      2.4101215986926627,
      -1.0960068700212777,
      -0.4678451036481618,
      -0.8248414876132665,
      -0.6200310527250144,
      2.1847476355662163,
      0.6907885948224376,
      0.9759170118427722,
      1.3933163102234771,
      1.5994686037586503,
      -1.7555845244101544,
      0.4333677180186607,
      0.635540081830851,
      0.027727408650623283,
      -0.31254087359482186,
      0.38924191475124975,
      0.1069847743706485,
      0.5253862199766457,
      0.14411006969896265,
      -0.3014778494983231,
      -0.7969880591094428,
      1.5108018703530073,
      -0.7403548091078292,
      0.6454607840517488,
      -0.4286302817943531,
      -0.3870162954665205,
      -0.3555493893639614,
      0.61650524966942,
      -0.04423938912975012,
      0.37058945458499043,
      -1.412536363019202,
      0.1689776670872319,
      0.2672499864424107,
      -0.8663365806047776,
      1.0646503836916945,
      1.1797600855488943,
      -0.5509007451322903,
      0.9941990498669663,
      1.176272520140273,
      0.4632306179032624,
      0.2552392402064625,
      -0.41071286940007834,
      0.057866619797280264,
      0.2628869833364256,
      -1.1103507064693159,
      -0.5183887467958104,
      -0.10331809827828896,
      0.35481142685584965
    ],
    "dribble_right_once": [
      -0.20570473417345855,
      -0.004142578301483559,
      -0.25335526491335164,
      0.4496087305704589,
      0.6480921687904917,
      0.20592794460103825,
      0.6804585377831223,
      0.09725909480473881,
      -0.5888352884188648,
      -0.2051191653822948,
      -0.24178318974447924,
      -0.07759799418328649,
      -0.09528391876316983,
      -0.2617124078964851,
      -0.14965153700448217,
      0.7090720581625966,
      0.029433461881509828,
      0.4667898559162455,
      0.9128165220796107,
      0.37816727791098526,
      0.7920222607604733,
      0.5051392775846553,
      0.2866330143052372,
      -0.30479706509523813,
      0.05765874654950734,
      -0.6221221472677053,
      0.8164815236248171,
      0.05452875810930029,
      0.7563384710891234,
      0.06401301019982533,
      0.771450296770228,
      -0.10658363833455393,
      0.09285782165067744,
      0.2952345908773187,
      0.647398098659474,
      -0.42705109169690186,
      0.02493841185100681,
      0.06250888800758299,
      0.33240560945498515,
      -0.3288346506411243,
      -0.19293548400511104,
      -0.33328357771826644,
      0.06039165515482191,
      0.45901660165655933,
      -0.49232060658515475,
      0.7635370517501843,
      0.21746401731124715,
      0.6958070612990345,
      0.8721168975612114,
      -0.7039108862845385
    ],
    "null": [
      -1.5464320646303489,
      -1.6806901482793695,
      -1.1679887075520776,
      1.4702602207384774,
      0.8532118994744444,
      1.2968312349780966,
      0.5786162574078083,
      -1.9274155212994233,
      -0.6571035460932042,
      -1.3879881033603232,
      -0.5124077447373397,
      -1.270049190498508,
      1.287145184982032,
      -0.6229152416692648,
      -1.2192565780464408,
      -1.4589691078148723,
      0.4368230027923524,
      -1.6345886162173677,
      -1.3810477816976765,
      -1.7486884045252047,
      -1.5573180694109168,
      -1.0306225041698005,
      0.5979107688860646,
      1.2552944856147845,
      0.9755988474671625,
      -0.839511777495493,
      -1.5278520896877952,
      0.17021220624236338,
      -1.1757555030502023,
      -0.6218141631320264,
      -1.384556876049424,
      -1.2776864822491003,
      -0.8509564791370683,
      -1.6516753392682366,
      -1.5268141204759078,
      -1.1374009353831223,
      -0.9638494650547853,
      -0.5376395210541687,
      -0.5981408023737135,
      -0.9138715888388576,
      0.03575895042834166,
      0.37695347531876267,
      -1.6315761930841897,
      -1.0030927730651371,
      2.071806313134856,
      -1.893967627734742,
      1.2670086561550158,
      -0.9405634188296979,
      -1.4047585935553577,
      1.0952575171290013
    ],
    "pass_high": [
      -0.0011552303517008197,
      0.249075819046274,
      0.46519903159781284,
      -0.3824608309553745,
      -0.38790905673891557,
      -0.2941363212958349,
      -0.36655171634656764,
      0.5460695631406723,
      0.35561828212540875,
      0.2201402589275492,
      -0.05163679538411587,
      0.6302246615643972,
      -0.14878618292927537,
      0.20332265886350168,
      0.25265059209492796,
      -0.572344509631959,
      -0.3197139050091464,
      -0.3434056364841578,
      -0.5647074627851681,
      -0.13433036204385068,
      -0.5209137794472238,
      -0.5103969974268385,
      -0.07880612398455912,
      0.12152102714688685,
      -0.16838365557002408,
      0.39589541134351564,
      -0.47768204567547345,
      0.025932912608193154,
      -0.24387663713516997,
      -0.5927235323141875,
      -0.5547225810535725,
      -0.21519691885622586,
      0.3979635514569019,
      -0.09767889146677218,
      -0.21963179437059244,
      -0.08518648565915486,
      0.02769267558689799,
      0.04309633560280465,
      0.34682719797036116,
      0.2534650598495039,
      -0.24315288486678965,
      0.11808541914016724,
      0.7416576636614073,
      -0.4021196144547429,
      0.10443579091851403,
      -0.289969103868961,
      -0.14228014332416106,
      -0.11989460913009639,
      -0.4234687132102059,
      0.1225012042610221
    ],
    "shot": [
      -0.06418933237394145,
      0.03792592897041294,
      -0.30337494273794047,
      0.6424440238325724,
      0.6353872435411516,
      0.2742178221043551,
      0.5824339115996364,
      0.01702980985853374,
      -0.6246289818866978,
      -0.12271505881866923,
      -0.2205083726928925,
      -0.19401976030027393,
      -0.020694145974708426,
      -0.3065652174894563,
      -0.13510729117286804,
      0.7001991523294008,
      -0.01981993564840703,
      0.6104251422591649,
      0.8486935010191038,
      0.4483244676779309,
      0.8191733087428607,
      0.37614182430090537,
      0.3170595756159732,
      -0.10196225341172263,
      0.03150756936933579,
      -0.6493453039939427,
      0.796121840724025,
      0.08741843166583542,
      0.8007722415792992,
      0.16073209137339475,
      0.7403447915432316,
      -0.09894373964862,
      -0.08776124621563393,
      0.3298325149351075,
      0.6225300377942534,
      -0.5443279054946734,
      0.0385634787438326,
      0.06725723352345293,
      0.40352264714531405,
      -0.438308715925836,
      -0.13447777982302597,
      -0.25922556306491723,
      0.03184952210584693,
      0.19334691796264683,
      -0.5089924705320047,
      0.7403813358809472,
      0.08498507028805033,
      0.6829275476714715,
      0.718645726285971,
      -0.669114559378589
    ]
  },
  "class_covs": {
    "catch": [
      [
        0.8239699277603943,
        0.36097274625687387,
        0.22780323897010268,
        0.20164695123281728,
        0.19122269439146525,
        -0.1251646791660118,
        0.10391409645715038,
        0.4087093400053881,
        -0.042075033577654665,
        0.8293975656867214,
        -0.22835416201693448,
        0.13911228577698345,
        -0.499696647716466,
        0.13899160586763304,
        0.6946764307389797,
        0.25122309932675607,
        0.004174625901972946,
        0.48614425305343556,
        0.16675618201221107,
        0.41198493597082614,
        0.2381552582516478,
        0.12092717026182848,
        -0.05536506558359662,
        0.3857885459672086,
        0.0008759796479317566,
        -0.01573020417601653,
        0.21260925710646242,
        0.4535996650378319,
        0.23511018270593156,
        -0.04446579264288116,
        0.1420448279033469,
        0.3092126850549521,
        -0.1729691848211887,
        0.4288964528563939,
        0.3310678537736244,
        -0.2124615586495623,
        0.19898711693800986,
        0.17263136234784177,
        0.20647090373105445,
        -0.18333735713503177,
        -0.23008156553497758,
        0.07694355229233989,
        0.3846681567906813,
        0.23665456131906468,
        -0.07374332645354097,
        0.30855954752309817,
        -0.7906579837025284,
        0.1818955540525362,
        0.287991965374318,
        -0.10676087040349347
      ],
      [
        0.36097274625687387,
        1.00377253613583,
        0.7528461827043037,
        -0.11191986259160423,
        -0.18211686088255022,
        -0.33948797516011137,
        -0.2888295400253203,
        0.6757068598936041,
        0.05685168279520338,
        0.4548433077154587,
        -0.13208624516645825,
        0.41582174595263116,
        -0.8208374007655865,
        0.31027984465105407,
        0.3504687880234614,
        0.37190641568232075,
        -0.24629914810347658,
        0.34542120860941694,
        0.38557925802416326,
        0.7488930936756193,
        0.5046823946951887,
        0.26083838603035336,
        -0.2859584274836527,
        0.0015892034758394405,
        -0.20950034816068483,
        0.09339498197271531,
        0.2572957696538966,
        0.27881750350354645,
        0.2161654119543513,
        -0.02550497737732398,
        0.4006608255459031,
        0.4024928827786116,
        -0.13213513939623647,
        0.6819902150165865,
        0.5028920493918678,
        -0.024080890935503703,
        0.3527270472838086,
        0.28378312946466877,
        0.08570004212297312,
        -0.15642851021784474,
        -0.14348987097855434,
        0.16046823493242282,
        0.7271006905114226,
        0.28766408513087455,
        -0.3089392642483661,
        0.5150675734548297,
        -0.46378320077638313,
        0.15810446378100493,
        0.5810177383755937,
        -0.110690743603763
      ],
      [
        0.22780323897010268,
        0.7528461827043037,
        1.0011833152553378,
        -0.217535877287292,
        -0.2373793559746956,
        -0.519903685091074,
        -0.34958596363087546,
        0.5942855447233168,
        0.24591221719204295,
        0.3306580767380036,
        -0.16261588909584615,
        0.6219389128431156,
        -0.6161001628602707,
        0.2522852929305387,
        0.251066882299235,
        0.03005962722976298,
        -0.2602467564043364,
        0.053487969844000983,
        -0.020334790222983613,
        0.4208436036168423,
        0.08791173327876313,
        0.16753878182787618,
        -0.20315183446341017,
        0.12618952872963865,
        -0.16413238578197917,
        0.2940438887578016,
        -0.01259891365164181,
        0.3073566879163596,
        0.06742083620283602,
        -0.3175690560235547,
        0.08760711941714908,
        0.3276297837140305,
        0.0016199551537150426,
        0.42912876928307725,
        0.2754464497125965,
        0.1528280188962223,
        0.3030409603864085,
        0.2932867243818873,
        0.11192819690945054,
        0.034500882797052275,
        -0.1101430586867415,
        0.13917752821173446,
        0.6623322591561734,
        0.11681842434355294,
        -0.18312632728410264,
        0.2108282361380354,
        -0.3408334633454369,
        0.07190623125619217,
        0.2173481052633896,
        0.05101537558763293
      ],
      [
        0.20164695123281728,
        -0.11191986259160423,
        -0.217535877287292,
        0.8184813935349594,
        0.6099979173790517,
        0.15108838723597584,
        0.6000313840983278,
        -0.08421662776592921,
        -0.17883282792143007,
        0.2186010711195237,
        -0.30423763037827195,
        -0.20465011095174415,
        -0.09691601688088805,
        -0.12658614604730664,
        0.2032667880519568,
        0.44230396148326717,
        0.26517402123076533,
        0.5009206652438895,
        0.4377109696548803,
        0.23787339662321177,
        0.39589901596027716,
        0.2456801580400133,
        0.21114990590132227,
        0.21832811139705333,
        0.1745785328399017,
        -0.1746201306719466,
        0.486859663392509,
        0.10238183663656936,
        0.43817174023062583,
        0.15555925867721765,
        0.32978571928009237,
        0.07033301705453872,
        -0.16204631108773623,
        0.19490600407519698,
        0.3432618414742938,
        -0.1656225937224398,
        -0.09349561405823449,
        -0.04000756846235604,
        0.16926824338351515,
        -0.3152170467616879,
        -0.2113744841972008,
        -0.11737690585167665,
        -0.1569410781752259,
        0.22156037194939207,
        -0.1430646553953193,
        0.3243947876256189,
        -0.18842103425868179,
        0.34328764821553537,
        0.3547243783514412,
        -0.4157450523963163
      ],
      [
        0.19122269439146525,
        -0.18211686088255022,
        -0.2373793559746956,
        0.6099979173790517,
        0.9045617190741576,
        0.23896480267794826,
        0.8194747273185368,
        -0.20405105599901274,
        -0.2591970391198793,
        0.16614208193787833,
        -0.3714063092972411,
        -0.33490030646315805,
        -0.093415780658685,
        -0.19597830979300826,
        0.16955945002720674,
        0.5418926275173452,
        0.42998081236932956,
        0.528069581974201,
        0.548074750171233,
        0.23231388602732192,
        0.49843978575062414,
        0.3491382044128362,
        0.27285927957044204,
        0.2528009395915955,
        0.21726027543526105,
        -0.2598127617401348,
        0.6555351208247016,
        0.10384707974628517,
        0.5397358378080204,
        0.13236696116760494,
        0.4382955441974627,
        0.08206639133210249,
        -0.20500746173709664,
        0.20845004579907572,
        0.4200703832216165,
        -0.20227628288125238,
        -0.11291254998931705,
        -0.022805200225961518,
        0.1902119756462327,
        -0.3054657699453672,
        -0.2346168564876057,
        -0.2057483047310546,
        -0.2859801791454522,
        0.27605416834962615,
        -0.19130270828524204,
        0.3648812648104851,
        -0.12828517473016024,
        0.4303265893271187,
        0.44537365113947464,
        -0.4865492975979944
      ],
      [
        -0.1251646791660118,
        -0.33948797516011137,
        -0.519903685091074,
        0.15108838723597584,
        0.23896480267794826,
        0.6559057898305903,
        0.30690867526099974,
        -0.48787694051802577,
        -0.2927449456705029,
        -0.23197328358705635,
        0.11836713437475577,
        -0.6794001285233191,
        0.2012763149670779,
        -0.19750972983023526,
        -0.16340811850061693,
        0.05531665642127661,
        0.17835876309491094,
        0.07914578950066092,
        0.118916878908631,
        -0.26270112704232607,
        0.06204560663322243,
        -0.12737309564192237,
        0.11875187064754279,
        -0.20196112209384884,
        0.14841465176588736,
        -0.3405054758940011,
        0.10148677912388508,
        -0.07908173412136404,
        -0.136137938899841,
        0.0024757025834567827,
        0.005215297780061995,
        -0.3560595753473633,
        -0.2680486127612239,
        -0.3195924826023801,
        -0.2504406119207935,
        -0.3050411856255496,
        -0.10235780474879669,
        -0.11859190915746783,
        -0.0905628442547203,
        -0.028602562549146688,
        0.14441269812375832,
        -0.16785440724913675,
        -0.5131632107283549,
        -0.11149343825270613,
        0.2154663154244393,
        -0.05975318599635298,
        0.25171103128921063,
        -0.18993954581817,
        -0.03401507583928712,
        0.07228158188826
      ],
      [
        0.10391409645715038,
        -0.2888295400253203,
        -0.34958596363087546,
        0.6000313840983278,
        0.8194747273185368,
        0.30690867526099974,
        1.0414340718900401,
        -0.2956431641249187,
        -0.16251064695406103,
        0.07827307410346716,
        -0.291160627746884,
        -0.40800066519130207,
        0.022263157142408854,
        -0.25262424743055045,
        0.07958793613569158,
        0.5405828907185214,
        0.4350798601314085,
        0.4621002894608391,
        0.565824276115869,
        0.17011217229599163,
        0.503630366169421,
        0.3431347503695864,
        0.3117998851903514,
        0.16437115802736857,
        0.28794473605389265,
        -0.16837633582269787,
        0.704219454253527,
        0.06516957994034729,
        0.5425260764838185,
        0.11118451558921957,
        0.39847119373328393,
        0.021043168696001677,
        -0.11125531473495051,
        0.16419037405004547,
        0.3570308977869805,
        -0.14277173781933752,
        -0.30622947977714077,
        -0.22808741892613443,
        0.1810867300794361,
        -0.30411465227207723,
        -0.15174974539349315,
        -0.18869437761627925,
        -0.39395235528377387,
        0.29565446509456184,
        -0.17941255184995275,
        0.32601326037083805,
        -0.06073002646521445,
        0.41183925756839096,
        0.40165076058173216,
        -0.4694368944533848
      ],
      [
        0.4087093400053881,
        0.6757068598936041,
        0.5942855447233168,
        -0.08421662776592921,
        -0.20405105599901274,
        -0.48787694051802577,
        -0.2956431641249187,
        0.9151675422391504,
        0.05570332832420286,
        0.4776730985228623,
        -0.02262167962046908,
        0.6371017357486991,
        -0.6287888551807045,
        0.29940702488822324,
        0.2497043803361661,
        0.2374022558523705,
        -0.2609066371619346,
        0.23911828233114368,
        0.13326971537596483,
        0.5441015755483471,
        0.24291792075427004,
        0.19200659340859533,
        -0.24770071766428778,
        0.1279533283660309,
        -0.19897451142173403,
        0.09315848445182377,
        0.03990496212127572,
        0.2248779194541244,
        0.16743662949237928,
        -0.05355872296707561,
        0.16204535103062065,
        0.42631543100916675,
        -0.05776649488646563,
        0.5925319714863638,
        0.38622078451394887,
        -0.00023595449835208133,
        0.24648100373534074,
        0.1812837610631682,
        0.17490553139981285,
        -0.14312318027820414,
        -0.045983966552172906,
        0.1783564032895353,
        0.7324503832515263,
        0.24974741597714242,
        -0.22597713758184373,
        0.3799341037474211,
        -0.6042199900129576,
        0.13263961836616117,
        0.33020709670931947,
        -0.02500352985169369
      ],
      [
        -0.042075033577654665,
        0.05685168279520338,
        0.24591221719204295,
        -0.17883282792143007,
        -0.2591970391198793,
        -0.2927449456705029,
        -0.16251064695406103,
        0.05570332832420286,
        0.8872375335916739,
        0.10346868253967302,
        -0.004136057403855458,
        0.2890743176093841,
        0.03958034825448347,
        0.11529574259732964,
        0.11509094982037489,
        -0.23816492834457137,
        -0.04054167771325551,
        -0.2921997110004845,
        -0.22599485896045327,
        0.05737359389965006,
        -0.18771375265614457,
        -0.12653065125843876,
        -0.08126474733180236,
        0.1318232263236648,
        -0.04714749589976529,
        0.9113466818979862,
        -0.15329629087010432,
        -0.016673892724047627,
        -0.0352246673067253,
        -0.22928825627241858,
        -0.20746700749724814,
        0.09101446991509,
        0.4878365460333771,
        0.10072806033826544,
        0.004218071772610751,
        0.3533968918344614,
        -0.3807622258313935,
        -0.3798275271724802,
        0.22637080286807756,
        0.11246438395162989,
        -0.0330081707897412,
        0.10933817484266158,
        0.09812814794103278,
        0.04551210761701392,
        -0.022653932159720534,
        -0.1991141779481638,
        -0.07049445063975933,
        -0.0025874362556133896,
        -0.21061185474729413,
        0.09682857865660452
      ],
      [
        0.8293975656867214,
        0.4548433077154587,
        0.3306580767380036,
        0.2186010711195237,
        0.16614208193787833,
        -0.23197328358705635,
        0.07827307410346716,
        0.4776730985228623,
        0.10346868253967302,
        1.0911300673590842,
        -0.38465233082957195,
        0.2502869959902588,
        -0.6111342500063824,
        0.10964084130525814,
        0.9065263246497458,
        0.27264991842684133,
        0.013440072654201971,
        0.5232735027113219,
        0.2041052469202341,
        0.5342858261630234,
        0.27340946232719454,
        0.10788773086225208,
        0.0341915183364344,
        0.41212433368704265,
        -0.0010593354093170228,
        0.1398370112808497,
        0.2791678705293531,
        0.45667444225755915,
        0.3586850948300791,
        -0.08826050201716744,
        0.18056525674526872,
        0.38162465999314754,
        -0.05685199252908785,
        0.5379412482823069,
        0.4343137120812314,
        -0.13132986454616022,
        0.13207617452031764,
        0.12088456433287509,
        0.18815053409718738,
        -0.20414996622839077,
        -0.3450559734433073,
        0.040894433615591086,
        0.5041560028550686,
        0.29942048570143626,
        -0.11906523906665215,
        0.3406667383915833,
        -0.9986766114676704,
        0.31910987293565374,
        0.33978028645989733,
        -0.22950846341777997
      ],
      [
        -0.22835416201693448,
        -0.13208624516645825,
        -0.16261588909584615,
        -0.30423763037827195,
        -0.3714063092972411,
        0.11836713437475577,
        -0.291160627746884,
        -0.02262167962046908,
        -0.004136057403855458,
        -0.38465233082957195,
        1.130662423987492,
        -0.06636734567708204,
        0.2695096242262625,
        0.30994193449937274,
        -0.3642699064972951,
        -0.25641375597159044,
        -0.15207612965737682,
        -0.37967601897227293,
        -0.27440314916196107,
        -0.2704485322299269,
        -0.22854678962057706,
        -0.21900976246360807,
        -0.5747921547281929,
        -0.2118873579954977,
        -0.36265209983952007,
        -0.03424175732991223,
        -0.42192195820733136,
        -0.17371939474784268,
        -0.633219663382984,
        -0.09745474392625815,
        -0.2801231931003486,
        -0.1779276859919336,
        -0.07935315400416405,
        -0.19836599854218415,
        -0.36164954499091834,
        0.03138206879974331,
        0.020269802195860307,
        -0.06759800439511879,
        -0.0013439591980045891,
        0.11859011358080035,
        0.7666241593622164,
        0.0837377459942979,
        -0.1077526752624167,
        -0.14119381358165997,
        0.1457727310994649,
        -0.2018254517262313,
        0.32501411870348895,
        -0.7073242810290996,
        -0.3273681575521041,
        0.6618311851939813
      ],
      [
        0.13911228577698345,
        0.41582174595263116,
        0.6219389128431156,
        -0.20465011095174415,
        -0.33490030646315805,
        -0.6794001285233191,
        -0.40800066519130207,
        0.6371017357486991,
        0.2890743176093841,
        0.2502869959902588,
        -0.06636734567708204,
        0.8530319187729999,
        -0.2598345871082276,
        0.23960723852006893,
        0.13028858389780618,
        -0.13087204994806337,
        -0.2266327584211954,
        -0.11692880405330176,
        -0.22248056597660565,
        0.24347625655473895,
        -0.1399892525970561,
        0.03003396604951944,
        -0.15894169355280388,
        0.21471419093493196,
        -0.17346357548254623,
        0.33159221150746426,
        -0.24104531345935673,
        0.11309054161884931,
        0.03946007788843121,
        -0.018971869646449136,
        -0.10334826518098456,
        0.2848684517137646,
        0.18810645012811442,
        0.2936741338522269,
        0.16785376610570327,
        0.2725445737356097,
        0.1412848722410807,
        0.13223033910317605,
        0.07990449891314562,
        0.036567724016271105,
        -0.10579033815414825,
        0.15185151611499279,
        0.6310426268848586,
        0.05397148414868225,
        -0.19003172270135357,
        0.027482856026821788,
        -0.3171377251093605,
        0.09717684982741304,
        -0.04037760461128642,
        0.015158649238186129
      ],
      [
        -0.499696647716466,
        -0.8208374007655865,
        -0.6161001628602707,
        -0.09691601688088805,
        -0.093415780658685,
        0.2012763149670779,
        0.022263157142408854,
        -0.6287888551807045,
        0.03958034825448347,
        -0.6111342500063824,
        0.2695096242262625,
        -0.2598345871082276,
        1.089196768162473,
        -0.2476455359779913,
        -0.4482257919475712,
        -0.4958838300149359,
        0.1205277981275056,
        -0.5450443185265929,
        -0.46258728656031495,
        -0.7014899935941376,
        -0.5563980184974943,
        -0.28027972695792397,
        0.14770597044835757,
        -0.053616423504424825,
        0.13391115255809866,
        0.011669200640324695,
        -0.4070861723395035,
        -0.4188612804401341,
        -0.36504073520484526,
        0.1712936354017502,
        -0.4279641594639486,
        -0.4081125280560919,
        0.12838520105380963,
        -0.6640561989405775,
        -0.5534044491795943,
        0.17437037923586737,
        -0.19401994787364954,
        -0.15296420437921548,
        -0.11582237369995756,
        0.17133550087231383,
        0.23588385991823715,
        -0.09919950014256963,
        -0.5936732809271592,
        -0.3809805792846067,
        0.20254818411128486,
        -0.6038980617133647,
        0.6455860364017199,
        -0.2868697258770824,
        -0.6566223396678607,
        0.1958018736818709
      ],
      [
        0.13899160586763304,
        0.31027984465105407,
        0.2522852929305387,
        -0.12658614604730664,
        -0.19597830979300826,
        -0.19750972983023526,
        -0.25262424743055045,
        0.29940702488822324,
        0.11529574259732964,
        0.10964084130525814,
        0.30994193449937274,
        0.23960723852006893,
        -0.2476455359779913,
        0.835251478037921,
        0.09413492052174237,
        -0.03945958556151259,
        -0.17743813146938578,
        -0.014299038699561718,
        -0.04894750020067589,
        0.2553548257419176,
        0.055552669412778574,
        -0.016038385624368205,
        -0.7646666509274446,
        0.14357533512807302,
        -0.44167056112650543,
        0.1321755131208736,
        -0.13238595852127005,
        0.08648300752977506,
        -0.21541712525153422,
        -0.09736998192053448,
        -0.023823780401810837,
        0.1609566906204706,
        -0.0055544862602476056,
        0.28904848062470967,
        0.12190249081290597,
        0.014295005370914863,
        0.138368938178197,
        0.1136079520255875,
        0.12434793560255501,
        -0.09399159161967874,
        0.20674018874183892,
        0.2187027389116964,
        0.30802626299244873,
        0.08914631995294002,
        -0.10942747379976712,
        0.07772453096909411,
        -0.10223970558571316,
        -0.2608789940324772,
        0.07725296993922319,
        0.30247736872181147
      ],
      [
        0.6946764307389797,
        0.3504687880234614,
        0.251066882299235,
        0.2032667880519568,
        0.16955945002720674,
        -0.16340811850061693,
        0.07958793613569158,
        0.2497043803361661,
        0.11509094982037489,
        0.9065263246497458,
        -0.3642699064972951,
        0.13028858389780618,
        -0.4482257919475712,
        0.09413492052174237,
        1.0019077955449416,
        0.20483432263561052,
        0.08307794528151438,
        0.4242815509872066,
        0.17686498125490926,
        0.46147803438201007,
        0.231171815678846,
        0.08985684658649701,
        0.031055338886065573,
        0.36634300285702515,
        0.02816885540054428,
        0.1494132688157834,
        0.2534218964182695,
        0.33869645738533866,
        0.3082172733130023,
        -0.03188445594975382,
        0.14692921221701735,
        0.31311825471949106,
        -0.042258131896475815,
        0.4256310772326312,
        0.38002796194917976,
        -0.09547773181538806,
        0.17985698582165746,
        0.18300834393998497,
        0.18409353766859723,
        -0.1883119799966583,
        -0.3229047447200258,
        -0.07252255057787867,
        0.392312657189481,
        0.23003148555493386,
        -0.08844083413529273,
        0.2540518216147884,
        -0.651100094730809,
        0.2791170879134489,
        0.24755816586906834,
        -0.22293738612921968
      ],
      [
        0.25122309932675607,
        0.37190641568232075,
        0.03005962722976298,
        0.44230396148326717,
        0.5418926275173452,
        0.05531665642127661,
        0.5405828907185214,
        0.2374022558523705,
        -0.23816492834457137,
        0.27264991842684133,
        -0.25641375597159044,
        -0.13087204994806337,
        -0.4958838300149359,
        -0.03945958556151259,
        0.20483432263561052,
        0.9641978104402236,
        0.18123434957590365,
        0.6917930449973061,
        0.9473608681556719,
        0.7447583402690577,
        0.9369025997206268,
        0.6163992094451887,
        0.0840148569341906,
        -0.03621174564487867,
        0.055586254158888834,
        -0.224298484774284,
        0.9297888088333753,
        0.07958408942988379,
        0.6947601268207204,
        0.22967335541965425,
        0.8043760152908038,
        0.37665979133564526,
        -0.15047019164558004,
        0.6668664234660091,
        0.7386683358682635,
        -0.1666439620287395,
        -0.016670825603010957,
        -0.014783533651756192,
        0.22247994760147238,
        -0.38583857911644526,
        -0.15700736290152936,
        -0.01841514911741791,
        0.09506617363959514,
        0.5399688658753552,
        -0.4277174484963977,
        0.7426044251298904,
        -0.2832053691642852,
        0.5309415069573412,
        0.8741107908947799,
        -0.5678384160251515
      ],
      [
        0.004174625901972946,
        -0.24629914810347658,
        -0.2602467564043364,
        0.26517402123076533,
        0.42998081236932956,
        0.17835876309491094,
        0.4350798601314085,
        -0.2609066371619346,
        -0.04054167771325551,
        0.013440072654201971,
        -0.15207612965737682,
        -0.2266327584211954,
        0.1205277981275056,
        -0.17743813146938578,
        0.08307794528151438,
        0.18123434957590365,
        0.7790678896348785,
        0.18507960671803755,
        0.22021692623666633,
        0.02520094050450046,
        0.17304522219499383,
        0.052907041358427845,
        0.2050623023821034,
        0.055679237950341604,
        0.20358729427858163,
        -0.05199458746066193,
        0.32764968124472016,
        -0.04484119921953241,
        0.25924155278644206,
        0.1519426117226041,
        0.13256983855012458,
        -0.06715755390232575,
        -0.06161368216491174,
        0.0037389435767966033,
        0.1721387997994699,
        -0.08524999232551046,
        -0.12328791988003822,
        -0.046124875400606745,
        0.04299324322895449,
        -0.05663981124973109,
        -0.09720185112931518,
        -0.36051604500247614,
        -0.28505095914232015,
        0.1551275708156361,
        -0.030128401852509163,
        0.04139465312929153,
        0.05828224513957626,
        0.19069700270509687,
        0.07344360720603749,
        -0.2586345598521289
      ],
      [
        0.48614425305343556,
        0.34542120860941694,
        0.053487969844000983,
        0.5009206652438895,
        0.528069581974201,
        0.07914578950066092,
        0.4621002894608391,
        0.23911828233114368,
        -0.2921997110004845,
        0.5232735027113219,
        -0.37967601897227293,
        -0.11692880405330176,
        -0.5450443185265929,
        -0.014299038699561718,
        0.4242815509872066,
        0.6917930449973061,
        0.18507960671803755,
        0.9549128118943087,
        0.7308222999168006,
        0.5729159426427461,
        0.7053257514711034,
        0.43088242075739375,
        0.12074634109669957,
        0.17774324610759407,
        0.0983102792399816,
        -0.2755780602124669,
        0.803507977334689,
        0.25714558820644445,
        0.6311465943749514,
        0.15516107441061816,
        0.5938406381886062,
        0.298627270325127,
        -0.21603957281776773,
        0.512800211878391,
        0.6307080903258566,
        -0.3035783149527753,
        0.08477642643410746,
        0.09289304867766067,
        0.20206861823061698,
        -0.3226242868684918,
        -0.2979958469110355,
        -0.07156112472081316,
        0.11621402618103864,
        0.415444818266487,
        -0.26740412445565925,
        0.608593144196806,
        -0.5126861592400964,
        0.4899462812471106,
        0.7156330850797895,
        -0.5366146020896376
      ],
      [
        0.16675618201221107,
        0.38557925802416326,
        -0.020334790222983613,
        0.4377109696548803,
        0.548074750171233,
        0.118916878908631,
        0.565824276115869,
        0.13326971537596483,
        -0.22599485896045327,
        0.2041052469202341,
        -0.27440314916196107,
        -0.22248056597660565,
        -0.46258728656031495,
        -0.04894750020067589,
        0.17686498125490926,
        0.9473608681556719,
        0.22021692623666633,
        0.7308222999168006,
        1.191644534855877,
        0.780086237199958,
        1.0803474774756607,
        0.6379283987753903,
        0.10151584167570389,
        -0.1287162998738046,
        0.06752111347747937,
        -0.21498516568289605,
        1.1066630841721325,
        -0.05504117052038332,
        0.7537360791163943,
        0.3186931145089913,
        0.929344866144029,
        0.3385800776770484,
        -0.09700524227694196,
        0.6864949739386659,
        0.7854644930718604,
        -0.13860535503896895,
        -0.0827971874034573,
        -0.10324594035024165,
        0.14982341919435646,
        -0.39334784198894296,
        -0.1678203147663098,
        -0.0404969219064134,
        0.01658193048376316,
        0.5596972861223591,
        -0.49310639696676384,
        0.773682034609928,
        -0.18871862230766911,
        0.5740297803183249,
        0.997717856223916,
        -0.6764998860274785
      ],
      [
        0.41198493597082614,
        0.7488930936756193,
        0.4208436036168423,
        0.23787339662321177,
        0.23231388602732192,
        -0.26270112704232607,
        0.17011217229599163,
        0.5441015755483471,
        0.05737359389965006,
        0.5342858261630234,
        -0.2704485322299269,
        0.24347625655473895,
        -0.7014899935941376,
        0.2553548257419176,
        0.46147803438201007,
        0.7447583402690577,
        0.02520094050450046,
        0.5729159426427461,
        0.780086237199958,
        1.0900343081810764,
        0.8865789167576871,
        0.5345838259808448,
        -0.184520644362761,
        0.08811492124029885,
        -0.12167887238918715,
        0.10300037750564531,
        0.6800823000191801,
        0.15263213315263213,
        0.5966539183571784,
        0.21492756048162723,
        0.6818046474793462,
        0.5235918213419889,
        -0.06935776737744595,
        0.9907208047637149,
        0.8508171469931719,
        -0.021440768463635147,
        0.08562422656218029,
        0.05798341147688731,
        0.2577459865650654,
        -0.4315599544852805,
        -0.19991706098493778,
        0.09144402470351284,
        0.5772152221652197,
        0.5813726795990887,
        -0.5483412161638198,
        0.7464159699403963,
        -0.4954941255303908,
        0.4596033347856624,
        0.8093884994182606,
        -0.44998075222593725
      ],
      [
        0.2381552582516478,
        0.5046823946951887,
        0.08791173327876313,
        0.39589901596027716,
        0.49843978575062414,
        0.06204560663322243,
        0.503630366169421,
        0.24291792075427004,
        -0.18771375265614457,
        0.27340946232719454,
        -0.22854678962057706,
        -0.1399892525970561,
        -0.5563980184974943,
        0.055552669412778574,
        0.231171815678846,
        0.9369025997206268,
        0.17304522219499383,
        0.7053257514711034,
        1.0803474774756607,
        0.8865789167576871,
        1.1317928037615677,
        0.6058502630029156,
        -0.028704834871931782,
        -0.09136085436812334,
        0.011185877952866467,
        -0.17075082363183638,
        0.9943840043080763,
        -0.006494123271630284,
        0.6960629221212057,
        0.32511637529834514,
        0.8828750785247802,
        0.3777742658422972,
        -0.1514651905600863,
        0.802935718600565,
        0.8121790969673438,
        -0.14119499366690327,
        -0.025987414547511613,
        -0.046056096063623576,
        0.2042987097881295,
        -0.46197773776199286,
        -0.11476670128041044,
        0.012553081238152922,
        0.16213977836901625,
        0.5854433262241027,
        -0.5516229938558351,
        0.8306344887420624,
        -0.2584880636934515,
        0.5055379471424252,
        0.9835347691318755,
        -0.5871582246902844
      ],
      [
        0.12092717026182848,
        0.26083838603035336,
        0.16753878182787618,
        0.2456801580400133,
        0.3491382044128362,
        -0.12737309564192237,
        0.3431347503695864,
        0.19200659340859533,
        -0.12653065125843876,
        0.10788773086225208,
        -0.21900976246360807,
        0.03003396604951944,
        -0.28027972695792397,
        -0.016038385624368205,
        0.08985684658649701,
        0.6163992094451887,
        0.052907041358427845,
        0.43088242075739375,
        0.6379283987753903,
