{
  "prob_lower_bound": 0.22333333333333333,
  "working_prob_thresh": 0.35,
  "working_mahal_multiplier": 10000.0,
  "mahal_quantile": 0.975,
  "class_mahal_thresholds": {
    "catch": 84122.07463131596,
    "defense": 88016.62744547127,
    "dribble_left_right": 9990000.0,
    "dribble_right_once": 72505.95127205583,
    "null": 77202.12117715673,
    "pass_high": 83524.64032890847,
    "shot": 79982.12805383533
  },
  "class_centers": {
    "catch": [
      -0.8199144121040575,
      0.02380743077258583,
      -0.8650123161756323,
      0.5560523400928336,
      -0.10251250822825399,
      -0.3830516126670448,
      0.037723375902734446,
      -0.2734217171019539,
      -0.3000064304948072,
      -0.7535289672641362,
      -0.21870602257751545,
      0.491388139470668,
      -0.4223371765605589,
      0.8493634907642547,
      0.2017204861702661,
      -0.027967596086898742,
      0.4270250977381081,
      0.270594298643963,
      -0.27799769442347105,
      -0.07986022248426942,
      -0.7318421974381555,
      -0.1368539439780197,
      -0.27633049015581246,
      0.11241822984674021,
      0.7091255178585364,
      0.18009689953996033,
      0.12898586618283825,
      0.4206867958531048,
      0.5529101748711895,
      0.383599207802143,
      -0.7608345259056137,
      -0.4459523830950507,
      0.40145933763077957,
      0.0627202791960471,
      0.07024629872902123,
      -0.7417222380725327,
      0.331662054170775,
      -0.45423056821208485,
      0.04360784912172431,
      0.6625738877666744,
      0.12019548650312861,
      0.12645536956286138,
      -0.6808561072983809,
      0.17244142425907408,
      0.622904845058016,
      -0.5035097926222364,
      -0.6915559429640475,
      -0.5398701696987891,
      0.12511231665961434,
      0.2833680096314118
    ],
    "defense": [
      1.8248652205371916,
      0.6758261875696506,
      0.3900599324501596,
      2.661793664723452,
      1.3282234394352508,
      1.2502336888261618,
      -1.2473783655247799,
      -0.8603136371375343,
      -1.103917893093583,
      0.8479229042783692,
      1.3038127587357458,
      3.118604857445011,
      -1.4000947890975266,
      2.5011094890992456,
      1.854342065411132,
      1.403248112999298,
      0.823526559108594,
      0.9159046568723006,
      0.4892417623569827,
      1.0128880037042054,
      0.5447796624274721,
      1.3785997534028067,
      -1.164891262129867,
      0.46720861490601523,
      2.2342507239959204,
      0.7641501756526372,
      0.9935009484696726,
      0.3459334533638426,
      1.0697656671358688,
      0.16465046273049502,
      0.1769946844335473,
      -0.8787818902458858,
      0.503757969599836,
      0.7238307737679193,
      0.8597032395811882,
      -0.6235858295365352,
      -0.12941238525757773,
      -2.2711132060098835,
      0.7955730648165055,
      -0.3139468559118008,
      0.544830238868741,
      0.7645356170358483,
      0.19075473130976897,
      0.6118014821821955,
      0.7879946123447286,
      -0.9859678165765101,
      -0.5895244024134095,
      -1.822550719560152,
      0.4204355387743526,
      -0.3050547113371414
    ],
    "dribble_left_right": [
      0.0,
      0.0,
      0.0,
      0.0,
      0.0,
      0.0,
      0.0,
      0.0,
      0.0,
      0.0,
      0.0,
      0.0,
      0.0,
      0.0,
      0.0,
      0.0,
      0.0,
      0.0,
      0.0,
      0.0,
      0.0,
      0.0,
      0.0,
      0.0,
      0.0,
      0.0,
      0.0,
      0.0,
      0.0,
      0.0,
      0.0,
      0.0,
      0.0,
      0.0,
      0.0,
      0.0,
      0.0,
      0.0,
      0.0,
      0.0,
      0.0,
      0.0,
      0.0,
      0.0,
      0.0,
      0.0,
      0.0,
      0.0,
      0.0,
      0.0
    ],
    "dribble_right_once": [
      0.062333319258019,
      -0.11940080814235725,
      -0.683024940118101,
      0.5543870369934392,
      0.42189731179037177,
      0.7375671606907459,
      -0.6208096398357601,
      0.20257202647305686,
      -0.06421895023443408,
      -0.44329852350564825,
      0.6257212885551205,
      0.21377993235551296,
      -0.30480555264116177,
      0.6714704815357215,
      0.11106568520672205,
      0.7122190110723896,
      0.1827398844029073,
      -0.16938001036295444,
      0.39251372084106745,
      0.4881625347704199,
      0.028640224504545817,
      0.5036003453927589,
      -0.14434758875977594,
      -0.10636605867678442,
      0.4513296553781856,
      -0.09646900080689641,
      1.0415526529076222,
      1.2408584246696865,
      0.9318505204901908,
      1.0629313387254895,
      -0.6486520300105224,
      0.2049621913558308,
      1.1720209016334158,
      0.773177974130262,
      0.7321234875036677,
      -0.30781887731324203,
      0.9460419788865762,
      -0.5309589559886095,
      0.7254983565596534,
      -0.313946855911801,
      0.8649737718472166,
      0.26571175885667647,
      -0.5317115975422486,
      0.8083915876129893,
      1.1682616477563983,
      -0.392893000187262,
      -0.30243744182558985,
      -0.526570549431396,
      0.47774492266110674,
      0.13869440730853053
    ],
    "null": [
      0.6009068965060761,
      -1.1232193026997142,
      1.090401176406782,
      -0.9364353322845265,
      -0.6535452096044629,
      -0.20777545066201009,
      0.6350598588639406,
      0.1035831897939974,
      -0.18603347679243434,
      0.5197178228499868,
      -0.4939735547330676,
      -0.6175666522837805,
      0.7816550144949337,
      -0.9435320071139586,
      0.5566634115719052,
      -0.9084034517428764,
      0.3641700400173102,
      0.6614195698068136,
      -0.3712140105749929,
      -0.761955117034319,
      0.6814143168056137,
      -0.5775004003856673,
      -0.5381801265746726,
      -1.0742314568345515,
      -0.660804183088043,
      -1.0932879385647483,
      -0.9463697501904885,
      -1.1087900395898387,
      -1.0434940515082747,
      -0.594042330852442,
      1.3453960788994983,
      0.02157544648334174,
      -1.1430551279131347,
      -1.0142861455207854,
      -0.894503420923062,
      0.13556112110369914,
      -1.1343162906547342,
      0.8085249455488056,
      -0.9309503531869654,
      -0.3139468559107683,
      -0.9693545275295247,
      -1.0164970925084518,
      1.6541446022548048,
      -0.9727466405838244,
      -1.058871898936452,
      -0.11624897416121666,
      0.6463864553974057,
      0.8884832509839706,
      -1.2626593776070676,
      -0.7336074865528013
    ],
    "pass_high": [
      -1.6030102459946722,
      0.008991686407040839,
      -1.1855480802466603,
      0.7954496873019398,
      -0.7556160954636442,
      -1.429373705882107,
      0.7604770111599579,
      -0.6531458484642639,
      -0.6239324023841704,
      -1.1241266506751977,
      -1.018030767611334,
      0.9974452455619032,
      -0.836170755038263,
      1.0648432468639242,
      0.3137920135286073,
      -0.7279821402467227,
      0.6114505652878426,
      0.6316373764264751,
      -1.043604783147891,
      -0.762875298302306,
      -1.4789845149072385,
      -0.7027731899015339,
      -0.4885145764026512,
      0.1875116481715501,
      1.2038292444381529,
      0.2134168626313479,
      -0.6330353397820033,
      -0.09198368132811956,
      0.4517411936726484,
      -0.0680101998220474,
      -0.9471098545855003,
      -0.8011518837176342,
      -0.07003837856497748,
      -0.6857998024620776,
      -0.6467215183572511,
      -1.1956340927702989,
      -0.17178041462274737,
      -0.5870344594593383,
      -0.6603470584498776,
      1.5117223605305663,
      -0.655757251522544,
      0.15217037011694662,
      -0.7881273724117208,
      -0.5806558823874008,
      0.300960518433461,
      -0.5608852043081533,
      -1.0794446681874224,
      -0.8166079080467549,
      -0.12100475140827568,
      0.5056248452248587
    ],
    "shot": [
      0.09878307070840651,
      -0.030573824381824172,
      -0.6287115719322333,
      0.5944360459268558,
      0.40446535764405084,
      0.7614956558262371,
      -0.5306029508660118,
      0.12245683707695779,
      0.06549677628501717,
      -0.2990460401885489,
      0.6546368523038859,
      0.15922777578333366,
      -0.23224115031150908,
      0.6011512311924556,
      0.13374802720482554,
      0.757298831648683,
      0.14139057568479832,
      -0.1997376390483145,
      0.3581209149829175,
      0.4220200077762823,
      -0.019333599482346583,
      0.5150669109303405,
      -0.11569215245469382,
      -0.09574163165125146,
      0.3275594843483708,
      -0.03642125993726487,
      1.0442734649816718,
      1.2161619321985042,
      0.9975739863648578,
      0.9192746502593038,
      -0.6544168103877438,
      0.19262378498996427,
      1.2084033874165776,
      0.7702143030630747,
      0.8945831139709877,
      -0.20871169615220794,
      0.9284564819593525,
      -0.452781721285149,
      0.8123329798124208,
      -0.31394685591180116,
      0.9202334557413475,
      0.2736983025138183,
      -0.5753121201003917,
      0.7421259577312116,
      1.1433858073201462,
      -0.41232826478213114,
      -0.3070770731772472,
      -0.4675825809054945,
      0.5838940949156757,
      0.03852266734997769
    ]
  },
  "class_covs": {
    "catch": [
      [
        1.348660319193999,
        -0.013460570071263023,
        0.4757536334092607,
        -0.21305410352215545,
        1.0263744384578108,
        1.5004610290573355,
        -0.9271324034615426,
        0.35442918358480485,
        0.2564513898466535,
        0.7482616471543511,
        1.1547695074864048,
        -0.48130005397899145,
        0.1731225840857768,
        -0.2882195744633798,
        -0.42270724661218034,
        0.9886705314720903,
        -0.23189380808853313,
        -0.4511662679142458,
        1.031489841791397,
        0.9288293034547886,
        1.177921566586231,
        1.1372003443436387,
        0.2900815161792672,
        0.012439648534060835,
        -0.3002013146179243,
        -0.05492959070518306,
        0.9190535809988517,
        0.3738603595379158,
        0.07214676320589923,
        0.3383392677640015,
        0.46387708448236764,
        0.4869516153397004,
        0.41186163113176066,
        1.067565688078379,
        0.8745259913154858,
        0.6454131124040677,
        0.4399851080104098,
        0.26925768822674745,
        0.9685607346609473,
        -1.5268369569090776,
        0.9472845761060551,
        -0.0007587125289402857,
        0.25983187336488567,
        1.0529087350724406,
        0.2827639975823705,
        0.11678676426521858,
        0.5016910026648352,
        0.13364536091926268,
        0.27526478544769545,
        -0.13813868341266572
      ],
      [
        -0.013460570071263023,
        0.33262827117788024,
        0.0205640287752964,
        0.21875768730176484,
        0.029941323321354137,
        -0.1116768400742342,
        0.0025205718900280336,
        0.054064024749047784,
        0.08634794545310763,
        0.022420558261733677,
        -0.07911663859193777,
        0.158155815949015,
        -0.08466488405251195,
        0.22803951662706662,
        -0.1549834164709165,
        -0.05206348105386325,
        0.08156830018180468,
        -0.022716427859348336,
        -0.07416900157486675,
        0.013790491291895721,
        -0.030434336357960085,
        -0.010510874815872318,
        -0.03319282450497522,
        0.3230361414587959,
        0.09414592635106485,
        0.38473776058736564,
        -0.10513772495875717,
        0.20306810966788327,
        0.24568794522705162,
        0.08572802992592596,
        0.013539713551605307,
        0.1182171887118861,
        0.1166923456698462,
        -0.046607191012496794,
        -0.050205927177973314,
        -0.0038306054097115537,
        0.11690148928317483,
        -0.33339700546479273,
        -0.023001149657876935,
        0.15454356703683253,
        -0.06671959613626342,
        0.20577035707704108,
        0.002982847820938027,
        -0.07041464663870169,
        0.21081771060550938,
        0.00041442645327644634,
        -0.004287728763255877,
        -0.14057423309401262,
        0.2287045801537264,
        -0.045464823798160456
      ],
      [
        0.4757536334092607,
        0.0205640287752964,
        0.5034442967474207,
        -0.05703629372752138,
        0.4784619944178734,
        0.2870951969518226,
        -0.3257433812555568,
        -0.028983019856249303,
        0.04455139908661834,
        0.12050653966535717,
        0.24398785263080802,
        -0.20031617640010124,
        0.13218323049807154,
        -0.06131391259529248,
        -0.024792689736957026,
        0.21118891546954796,
        -0.05105358409644887,
        -0.3231619627392206,
        0.343709283141053,
        0.31873536673767217,
        0.4134387411859839,
        0.41331693122228264,
        0.031992402314372545,
        -0.015311973149756608,
        -0.10703321898835899,
        -0.0339819040724617,
        0.11837628632762184,
        -0.027171519629045127,
        -0.09219754938108088,
        -0.07044092347881302,
        0.18324093830665836,
        0.03897370712967095,
        -0.044118182821712634,
        0.21167557282386226,
        0.054967100189921056,
        0.1458246374769693,
        -0.09657613636933583,
        0.11881476684922107,
        0.1740181145367876,
        -0.35802152643123114,
        0.1001469186969402,
        -0.14178002856124455,
        0.16606891103672897,
        0.14407797186301258,
        -0.12857419338905243,
        0.0018141371736844348,
        0.13813160575379324,
        0.1488206557365162,
        0.04738404010626833,
        -0.19620907039462526
      ],
      [
        -0.21305410352215545,
        0.21875768730176484,
        -0.05703629372752138,
        0.9117813067502702,
        -0.1285195724556218,
        -0.3325411941694108,
        0.2676046937381399,
        -0.22791293865320872,
        -0.07268770909286894,
        -0.32404964160470473,
        -0.1410714734321405,
        0.7927294448504776,
        -0.34828870310261506,
        0.5718042012566719,
        -0.13596507234227623,
        -0.03442750386178996,
        0.2761721426941796,
        0.046553502126488955,
        -0.06623209009065617,
        -0.20415337813442236,
        -0.12834448906514392,
        -0.07890466973959322,
        -0.2600188037663204,
        0.24717888075497652,
        0.42681208592686826,
        0.3200054171942073,
        -0.07136209244562965,
        0.468154022897817,
        0.6773541591912933,
        0.2804554747132727,
        -0.2106070113680127,
        -0.17075947646333509,
        0.4006322709426719,
        -0.04549257551547636,
        -0.22745550086071337,
        -0.20723162845146423,
        0.2145675214241197,
        -0.8306266481051076,
        -0.197938468249515,
        0.456527163963699,
        -0.18155123478042873,
        0.406234851235869,
        -0.09605371537395398,
        -0.11703115573280341,
        0.48568905152528624,
        -0.15032515722767936,
        -0.213210023960382,
        -0.5692196149399434,
        0.2464632494844491,
        0.09602811371124924
      ],
      [
        1.0263744384578108,
        0.029941323321354137,
        0.4784619944178734,
        -0.1285195724556218,
        0.9296445530228852,
        1.0286886751992603,
        -0.7893581308085467,
        0.21124429763514146,
        0.17015222226565838,
        0.5280097012433992,
        0.834906775355209,
        -0.3240435168851342,
        0.17525499391488436,
        -0.2124607338004565,
        -0.3527891923667547,
        0.729295785916387,
        -0.19114383034812704,
        -0.44974076466405555,
        0.8124772315839921,
        0.7805588042842594,
        0.9072493322914867,
        0.9054363407884668,
        0.21988944896743148,
        0.030723195058056957,
        -0.24945926646091318,
        -0.01912128857841115,
        0.6279928849213139,
        0.24179602959516042,
        0.022424212728992088,
        0.17303383639901407,
        0.3364619406165245,
        0.3591267369852713,
        0.2410403637063638,
        0.772137990287275,
        0.5869643961014381,
        0.4730708020915682,
        0.23524362684530792,
        0.14736072906945277,
        0.7081992736379683,
        -1.0890563564373286,
        0.6487178411676365,
        -0.05505264121434705,
        0.20784198198606205,
        0.7283850022191267,
        0.14688262663674795,
        0.08202185942769358,
        0.3537898304985287,
        0.10889478386556939,
        0.20989835255853503,
        -0.19824525843084095
      ],
      [
        1.5004610290573355,
        -0.1116768400742342,
        0.2870951969518226,
        -0.3325411941694108,
        1.0286886751992603,
        2.269210704440913,
        -1.0916596597734511,
        0.5904215863680462,
        0.34537043117888183,
        0.9873462090311098,
        1.5449590447262707,
        -0.6662486518146643,
        0.09302282885380958,
        -0.3821905581977286,
        -0.48601545945540614,
        1.287484423627704,
        -0.2965689345390879,
        -0.2795903294609843,
        1.3017585212128453,
        1.0982950175938067,
        1.3621344481989088,
        1.2771535476818157,
        0.3567572941695229,
        -0.04127068129736344,
        -0.3429673948441456,
        -0.13999803878102665,
        1.4819700931700237,
        0.6152670411261429,
        0.2785710816084211,
        0.661984431438718,
        0.5592211093042014,
        0.6735038691252542,
        0.7721332851306106,
        1.423541191361647,
        1.4035121666052832,
        0.8854450860333748,
        0.7815378476459468,
        0.4150525693420817,
        1.4306300067066708,
        -2.1857028755571024,
        1.4755857059210535,
        0.21562739707443562,
        0.22563712423911084,
        1.478351466038231,
        0.6274518927435809,
        0.12350098877627734,
        0.6610464470227442,
        0.11001073312489229,
        0.32226455816996635,
        0.11592502897979784
      ],
      [
        -0.9271324034615426,
        0.0025205718900280336,
        -0.3257433812555568,
        0.2676046937381399,
        -0.7893581308085467,
        -1.0916596597734511,
        1.0737921399034234,
        -0.3143994071139955,
        -0.2335567461453131,
        -0.47153596677877246,
        -0.9136538718246143,
        0.4660652532767495,
        -0.19779209088106534,
        0.21483650056215736,
        0.37820658823305486,
        -0.719396215454334,
        0.264118825924526,
        0.39386113536621614,
        -0.8784231379400876,
        -0.8325313184132479,
        -0.8410161177857655,
        -0.6477806324000313,
        -0.3388338500330899,
        0.04855330050597195,
        0.2700690488249505,
        0.022837122245891028,
        -0.668980443112766,
        -0.2733728618016955,
        0.010432373058080018,
        -0.18894706853803422,
        -0.35884746105359655,
        -0.4116561012094525,
        -0.27630142300896304,
        -0.7904409006447133,
        -0.6328987168214536,
        -0.5458711002059567,
        -0.2781033482836542,
        -0.12408680333089829,
        -0.7367935833539905,
        1.072322241603077,
        -0.7841366784622898,
        0.045301800422838066,
        -0.178055499609025,
        -0.8815622822481866,
        -0.1729409734721943,
        -0.04124988134452622,
        -0.36967099444252566,
        -0.24153933194360683,
        -0.2390238821864648,
        0.16313592892965922
      ],
      [
        0.35442918358480485,
        0.054064024749047784,
        -0.028983019856249303,
        -0.22791293865320872,
        0.21124429763514146,
        0.5904215863680462,
        -0.3143994071139955,
        0.7012990848318316,
        0.3345590460246514,
        0.27220926804455803,
        0.4265569385308275,
        -0.3160222941971423,
        0.2703143830426671,
        -0.2147839639876806,
        -0.2573045157379072,
        0.33076093962422765,
        -0.19303956690971183,
        -0.11424464443312553,
        0.3235295971446632,
        0.3016466589200452,
        0.3359146926129234,
        0.12121973202699508,
        0.24340125009010447,
        0.04818970360271771,
        -0.3595302029949225,
        0.04727732649919637,
        0.36689936026723247,
        0.4296351319375518,
        0.1320919539560566,
        0.31673942084138806,
        0.16498597518563757,
        0.6596525124263375,
        0.4225695037012991,
        0.39747918639369123,
        0.41183955221450497,
        0.3614753307009577,
        0.5041785382270318,
        0.019341068939694877,
        0.33788185288079065,
        -0.47416774158173075,
        0.4781876581306979,
        0.018233712736835772,
        0.026944910914543582,
        0.46078784235629844,
        0.29602905837502996,
        0.17737853307336654,
        0.3509189960732471,
        0.17916609832282238,
        0.283063849775672,
        -0.09717686181030717
      ],
      [
        0.2564513898466535,
        0.08634794545310763,
        0.04455139908661834,
        -0.07268770909286894,
        0.17015222226565838,
        0.34537043117888183,
        -0.2335567461453131,
        0.3345590460246514,
        0.3773760156141455,
        0.19470492815322415,
        0.26411497356024666,
        -0.1618531176180102,
        0.10952607290002878,
        -0.05035682033075771,
        -0.22128609851382852,
        0.1981352246723136,
        -0.07961298735865618,
        -0.10347316090432458,
        0.21797432926178376,
        0.20588314734286323,
        0.20795199624828756,
        0.14221417229318853,
        0.1356638652425652,
        0.10129776838457487,
        -0.148427008369797,
        0.10867239670979739,
        0.20492545242323867,
        0.2976893445551682,
        0.15202439677353344,
        0.18665255503270586,
        0.10562698197347964,
        0.4041424310557268,
        0.2624984201276485,
        0.2265406786659192,
        0.22874441077920654,
        0.21440249696418037,
        0.28688416125109173,
        -0.06929720509699833,
        0.19915328654820108,
        -0.29802784965420914,
        0.28511786183569754,
        0.050159091303447076,
        0.03494462524094569,
        0.2800811765650383,
        0.23425049138752357,
        0.08851343511379142,
        0.20356427015817002,
        0.06421068737413686,
        0.25254778154834934,
        -0.08107471951613349
      ],
      [
        0.7482616471543511,
        0.022420558261733677,
        0.12050653966535717,
        -0.32404964160470473,
        0.5280097012433992,
        0.9873462090311098,
        -0.47153596677877246,
        0.27220926804455803,
        0.19470492815322415,
        1.0263263011796584,
        0.6352545230395349,
        -0.28853791999276823,
        -0.07439796439184955,
        -0.26171932359234706,
        -0.39153591003995447,
        0.5142044647589247,
        -0.13803223408671417,
        -0.025345291887916673,
        0.40298108999699445,
        0.5489840110274614,
        0.5404718524664937,
        0.7613767258767777,
        0.23509484695760854,
        0.09553930545802222,
        -0.04069244799090258,
        0.04296583988825605,
        0.5083151273685116,
        0.014624770627231864,
        -0.0599383830348903,
        0.12710878058464212,
        0.3600574416139602,
        0.3588804128039322,
        0.05895377063847778,
        0.5090359992748961,
        0.7252637393565285,
        0.3777068402499393,
        0.1553612800399766,
        0.39858289929370055,
        0.7444097608990845,
        -1.2017094457667772,
        0.5138180283175687,
        0.038984761820826566,
        0.14531835241722676,
        0.5167719292547915,
        0.18043144235071004,
        0.13441550233000246,
        0.3038589319979471,
        -0.021758076479645255,
        0.08238165468284611,
        0.08450416540479778
      ],
      [
        1.1547695074864048,
        -0.07911663859193777,
        0.24398785263080802,
        -0.1410714734321405,
        0.834906775355209,
        1.5449590447262707,
        -0.9136538718246143,
        0.4265569385308275,
        0.26411497356024666,
        0.6352545230395349,
        1.3583927176170834,
        -0.4416982508829686,
        0.20397229473827655,
        -0.32678804390864574,
        -0.4998752858810169,
        1.0756873246768857,
        -0.30302526250782397,
        -0.29844678665922025,
        1.160786884108719,
        0.8910833712397981,
        1.1181605208273404,
        0.8892408201655284,
        0.38041968971165996,
        0.005552583881443738,
        -0.3466708443414331,
        -0.05839415870333994,
        1.0415699609084836,
        0.49221765149508073,
        0.1968868688438366,
        0.38398393139816384,
        0.4102755241820863,
        0.49992266449675676,
        0.6012190724195371,
        1.1725525497702165,
        0.9293227165083248,
        0.7037890277873834,
        0.6125486789758958,
        0.13582393227025222,
        0.9696752490270301,
        -1.482302841459892,
        1.124065163790401,
        0.019390030556701875,
        0.16619692007965983,
        1.290974546892255,
        0.4147830206941788,
        0.14589209491507882,
        0.5588263327790672,
        0.17275317154264236,
        0.3094618751860175,
        -0.03156074799529419
      ],
      [
        -0.48130005397899145,
        0.158155815949015,
        -0.20031617640010124,
        0.7927294448504776,
        -0.3240435168851342,
        -0.6662486518146643,
        0.4660652532767495,
        -0.3160222941971423,
        -0.1618531176180102,
        -0.28853791999276823,
        -0.4416982508829686,
        1.189039747138254,
        -0.6110464854083311,
        0.5761300703199931,
        -0.19176489368482802,
        -0.29595737041366255,
        0.2572495362692248,
        0.23068826433706235,
        -0.4131429462405129,
        -0.3870228061024926,
        -0.42888375645216215,
        -0.2249505429561058,
        -0.21162109960883524,
        0.20285597627749932,
        0.7313303616988502,
        0.26650847185217813,
        -0.320393418534876,
        0.12304105158649577,
        0.4360668469586746,
        0.20636884514195464,
        -0.29349684231149437,
        -0.2549846099243306,
        0.03312225762815837,
        -0.3637259223117871,
        -0.3655047350590493,
        -0.37737786000275286,
        -0.01203651608915558,
        -0.7142272398068896,
        -0.34468117465284526,
        0.652119082402624,
        -0.42653362522313004,
        0.3788250695416857,
        -0.13207893997615466,
        -0.43428642762830905,
        0.30475938300266653,
        -0.13492038214021398,
        -0.3693684526617642,
        -0.8934595540032936,
        0.043721559831518216,
        0.2428595795794538
      ],
      [
        0.1731225840857768,
        -0.08466488405251195,
        0.13218323049807154,
        -0.34828870310261506,
        0.17525499391488436,
        0.09302282885380958,
        -0.19779209088106534,
        0.2703143830426671,
        0.10952607290002878,
        -0.07439796439184955,
        0.20397229473827655,
        -0.6110464854083311,
        0.7340726165412874,
        -0.4608206405859656,
        0.13599831099304618,
        0.14797626192506988,
        -0.19622187291840207,
        -0.267566080390443,
        0.2756985443700536,
        0.1603121973217337,
        0.22805385239910242,
        -0.027394768531205264,
        0.12052438748461976,
        -0.12863769863389554,
        -0.778372983219176,
        -0.18216549103200008,
        0.048646687268270594,
        0.036824238425460606,
        -0.26521038744288505,
        -0.15286312703805868,
        0.07677816809838917,
        0.25009281475149,
        0.06925621988794195,
        0.196080043140691,
        0.010458938081521093,
        0.20271820788397682,
        0.09446554313204399,
        0.22733903584224963,
        -0.03392707621650828,
        -0.006039029907555777,
        0.14611367953086793,
        -0.40111994876648127,
        0.03757250681604843,
        0.21204253167654608,
        -0.2699733639284689,
        0.11886563444792025,
        0.2324688112895918,
        0.6664127074281175,
        0.06303236524230847,
        -0.35495393811590953
      ],
      [
        -0.2882195744633798,
        0.22803951662706662,
        -0.06131391259529248,
        0.5718042012566719,
        -0.2124607338004565,
        -0.3821905581977286,
        0.21483650056215736,
        -0.2147839639876806,
        -0.05035682033075771,
        -0.26171932359234706,
        -0.32678804390864574,
        0.5761300703199931,
        -0.4608206405859656,
        0.7060161113328373,
        -0.021438838380662878,
        -0.23987495049128343,
        0.2453550093957759,
        0.041994925803121905,
        -0.2995858457761806,
        -0.2468930650642853,
        -0.28407894853730004,
        -0.22597908833226996,
        -0.2073651451624268,
        0.16214173464768844,
        0.6020671596694905,
        0.30940900133845783,
        -0.19795615205029396,
        0.2622838555591578,
        0.45308804087120647,
        0.19007071119503482,
        -0.1478151340638829,
        -0.1761489849230465,
        0.1619248543752535,
        -0.2688880405150074,
        -0.23259732139542783,
        -0.26770390436081626,
        0.0306383152872373,
        -0.58581460981515,
        -0.23564171674011716,
        0.5266111372453384,
        -0.263219442831951,
        0.39614726884924883,
        -0.05530140172811659,
        -0.28390234133571585,
        0.34342019079602837,
        -0.13144709848875555,
        -0.24055806262581114,
        -0.49079542889600397,
        0.15708061483138705,
        0.10739515219530153
      ],
      [
        -0.42270724661218034,
        -0.1549834164709165,
        -0.024792689736957026,
        -0.13596507234227623,
        -0.3527891923667547,
        -0.48601545945540614,
        0.37820658823305486,
        -0.2573045157379072,
        -0.22128609851382852,
        -0.39153591003995447,
        -0.4998752858810169,
        -0.19176489368482802,
        0.13599831099304618,
        -0.021438838380662878,
        1.2862141678809011,
        -0.39154611006417867,
        0.30895414942327665,
        -0.0037930011992075427,
        -0.4036462865470787,
        -0.40405009351763777,
        -0.3792487248425223,
        -0.3522534075853543,
        -0.5853290470567434,
        -0.2877217531386057,
        -0.07629065589889951,
        -0.3030758127797135,
        -0.27723423751865367,
        -0.3087726308087631,
        -0.27394791164222493,
        -0.26372012990109783,
        -0.15492034689792084,
        -0.3900060326540116,
        -0.24106239048803405,
        -0.412788284642779,
        -0.3489470937002495,
        -0.28236729922568504,
        -0.3940495679903919,
        0.30542908489753606,
        -0.370464437648004,
        0.5561641148819014,
        -0.40253382122206577,
        -0.20111751466866462,
        -0.03794465548227755,
        -0.4879667035020082,
        -0.39116397973916556,
        -0.29142345527296776,
        -0.2293544802559503,
        0.2964641536630375,
        -0.30339172190669245,
        -0.0010551021787646084
      ],
      [
        0.9886705314720903,
        -0.05206348105386325,
        0.21118891546954796,
        -0.03442750386178996,
        0.729295785916387,
        1.287484423627704,
        -0.719396215454334,
        0.33076093962422765,
        0.1981352246723136,
        0.5142044647589247,
        1.0756873246768857,
        -0.29595737041366255,
        0.14797626192506988,
        -0.23987495049128343,
        -0.39154611006417867,
        0.9524436865139068,
        -0.21208738843827427,
        -0.2917204893874801,
        0.9398156940915339,
        0.7245990021297175,
        0.9497304811442546,
        0.821280982148195,
        0.25288574419472987,
        0.004391134946587044,
        -0.2911925661574324,
        -0.06001711158025039,
        0.9142302966418278,
        0.48470847816825147,
        0.22760688720485472,
        0.3956760699779552,
        0.28209707482394825,
        0.41415737446968054,
        0.547609101147042,
        0.9916161529885015,
        0.7901109217712352,
        0.5589330331788739,
        0.5409502066872723,
        0.07444564089042549,
        0.8336660409349345,
        -1.2113793755464357,
        0.9123495328055506,
        0.07865772367715083,
        0.1156119574843941,
        1.0226625044670041,
        0.41454605067767625,
        0.09978027800784597,
        0.43639279820882887,
        0.038172025461104354,
        0.26996655695337207,
        -0.03005280772634408
      ],
      [
        -0.23189380808853313,
        0.08156830018180468,
        -0.05105358409644887,
        0.2761721426941796,
        -0.19114383034812704,
        -0.2965689345390879,
        0.264118825924526,
        -0.19303956690971183,
        -0.07961298735865618,
        -0.13803223408671417,
        -0.30302526250782397,
        0.2572495362692248,
        -0.19622187291840207,
        0.2453550093957759,
        0.30895414942327665,
        -0.21208738843827427,
        0.7106636429524187,
        0.09142526626644278,
        -0.26819087477452463,
        -0.24761426101087283,
        -0.2534090803829335,
        -0.11297762769484151,
        -0.6733144504532788,
        0.06429196572318883,
        0.23816249679070087,
        0.07469848780650713,
        -0.1461293882985241,
        0.04079752953948759,
        0.22365776234564447,
        -0.01669925124471478,
        -0.13310115407086145,
        -0.17794533051981595,
        0.009856479731507219,
        -0.255331462183346,
        -0.19140871041956564,
        -0.2035817125929063,
        -0.10690972008901083,
        -0.24267394873756754,
        -0.1921267756728786,
        0.28523692339664547,
        -0.2563800095613201,
        0.157315653093851,
        -0.02530551037076296,
        -0.3270545026789364,
        0.11400924067854512,
        -0.30689463776479103,
        -0.2252523440194369,
        -0.15861345293585702,
        -0.0098799316886371,
        0.055420626772532657
      ],
      [
        -0.4511662679142458,
        -0.022716427859348336,
        -0.3231619627392206,
        0.046553502126488955,
        -0.44974076466405555,
        -0.2795903294609843,
        0.39386113536621614,
        -0.11424464443312553,
        -0.10347316090432458,
        -0.025345291887916673,
        -0.29844678665922025,
        0.23068826433706235,
        -0.267566080390443,
        0.041994925803121905,
        -0.0037930011992075427,
        -0.2917204893874801,
        0.09142526626644278,
        0.6416175020524161,
        -0.33407848397259227,
        -0.3170930353119248,
        -0.3952577065832964,
        -0.3624183059351492,
        -0.0658310381674003,
        0.07231524264376783,
        0.2643417002869211,
        0.06485315360497464,
        -0.19365801461719045,
        -0.18511806615550952,
        0.04623114932331065,
        -0.12120340483306559,
        -0.08470811927005574,
        -0.21651667734536176,
        -0.13893404632941658,
        -0.28980573608242693,
        -0.1347463006736886,
        -0.19302748414870535,
        -0.11389106247171264,
        0.035682476914866125,
        -0.16443799799118194,
        0.17972734580660196,
        -0.21496834188492472,
        0.08183820154136505,
        -0.09976727945318357,
        -0.25268894785683704,
        0.0036293108591140474,
        -0.03013923383611325,
        -0.1701111780347334,
        -0.18004026812402465,
        -0.18574178362543128,
        0.3079458488235451
      ],
      [
        1.031489841791397,
        -0.07416900157486675,
        0.343709283141053,
        -0.06623209009065617,
        0.8124772315839921,
        1.3017585212128453,
        -0.8784231379400876,
        0.3235295971446632,
        0.21797432926178376,
        0.40298108999699445,
        1.160786884108719,
        -0.4131429462405129,
        0.2756985443700536,
        -0.2995858457761806,
        -0.4036462865470787,
        0.9398156940915339,
        -0.26819087477452463,
        -0.33407848397259227,
        1.2054657096429966,
        0.817872578763584,
        1.0389539918776705,
        0.7565851705085758,
        0.3068827517075664,
        -0.026106911174113092,
        -0.3741375831260245,
        -0.0831645230423644,
        0.8879256918761912,
        0.4459549389727624,
        0.19078646378349956,
        0.2711390751901043,
        0.35603434144055657,
        0.39406518136982877,
        0.5392997766338923,
        1.062638148841643,
        0.7025393738461573,
        0.6334785383560313,
        0.4772646446781145,
        0.07708172523918388,
        0.788324286986478,
        -1.2397826547117412,
        0.9772554024438501,
        -0.06038734344134428,
        0.15768182662486127,
        1.1531586134260654,
        0.3024390018943187,
        0.1020684398253001,
        0.47829458736865665,
        0.2449619289008518,
        0.28243698430208586,
        -0.14320759956793008
      ],
      [
        0.9288293034547886,
        0.013790491291895721,
        0.31873536673767217,
        -0.20415337813442236,
        0.7805588042842594,
        1.0982950175938067,
        -0.8325313184132479,
        0.3016466589200452,
        0.20588314734286323,
        0.5489840110274614,
        0.8910833712397981,
        -0.3870228061024926,
        0.1603121973217337,
        -0.2468930650642853,
        -0.40405009351763777,
        0.7245990021297175,
        -0.24761426101087283,
        -0.3170930353119248,
        0.817872578763584,
        0.808268123946722,
        0.842107691627308,
        0.753903955116627,
        0.3100703618087613,
        0.04721262786157244,
        -0.2555860319608042,
        0.005930044219614161,
        0.6748743286722174,
        0.2674085037085806,
        0.04365154676982668,
        0.19306225533655771,
        0.35435795328935016,
        0.40072641505891865,
        0.3033367744677635,
        0.7893869866021858,
        0.6718679328365785,
        0.527673494003674,
        0.3195853042761514,
        0.16513429916580924,
        0.7655878269072487,
        -1.1258600465275443,
        0.7465744008414581,
        -0.024489363738431556,
        0.17653800532010663,
        0.831407246437478,
        0.21100514516356206,
        0.10013584854463418,
        0.3832575786598635,
        0.1603815955990454,
        0.20957169181235727,
        -0.10524124476031788
      ],
      [
        1.177921566586231,
        -0.030434336357960085,
        0.4134387411859839,
        -0.12834448906514392,
        0.9072493322914867,
        1.3621344481989088,
        -0.8410161177857655,
        0.3359146926129234,
        0.20795199624828756,
        0.5404718524664937,
        1.1181605208273404,
        -0.42888375645216215,
        0.22805385239910242,
        -0.28407894853730004,
        -0.3792487248425223,
        0.9497304811442546,
        -0.2534090803829335,
        -0.3952577065832964,
        1.0389539918776705,
        0.842107691627308,
        1.1476943607996801,
        0.9355801315379844,
        0.285854804403299,
        0.009241171862865915,
        -0.34653790232795634,
        -0.0568764008559939,
        0.8710320273859249,
        0.400037228170869,
        0.11951660970275087,
        0.31537541999863355,
        0.40611600661087016,
        0.4129637173330925,
        0.46854109961654883,
        1.059737787424963,
        0.7630779463545354,
        0.6055912167965695,
        0.4680442075989728,
        0.1740434517201086,
        0.8527577015955584,
        -1.3234542334426305,
        0.9137915886614232,
        -0.017629625139021478,
        0.2094642170823042,
        1.0662345722127724,
        0.27377011597927364,
        0.11948106036455575,
        0.470784662502652,
        0.16617715037650066,
        0.2669230621799005,
        -0.122817161533642
      ],
      [
        1.1372003443436387,
        -0.010510874815872318,
