{
  "prob_lower_bound": 0.21666666666666667,
  "working_prob_thresh": 0.3,
  "working_mahal_multiplier": 1.1,
  "mahal_quantile": 0.975,
  "class_mahal_thresholds": {
    "catch": 10.201297879315362,
    "defense": 9.556942334991007,
    "dribble_left_right": 8.946250505424443,
    "dribble_right_once": 8.379865432420948,
    "null": 12.782468234346005,
    "pass_high": 9.730746704454589,
    "shot": 9.634519209747312
  },
  "class_centers": {
    "catch": [
      0.1444005559191064,
      0.4229060229056992,
      0.3377304568745677,
      -0.265399420326679,
      -0.3335670778813316,
      -0.299237090185463,
      -0.16690607718890754,
      0.7015754386662284,
      0.1310237947346971,
      0.2759631659556125,
      0.10504247082186,
      0.560161903713457,
      -0.3424805306719394,
      0.3027201163781143,
      0.2240803275596594,
      0.25082230529483407,
      -0.27184992854305406,
      0.19824408797943774,
      0.29732077722738876,
      0.43282024843045397,
      0.3641124273096287,
      0.23208839653463534,
      -0.15372097856500774,
      -0.4822331759542216,
      -0.3914489031938582,
      0.1115455691101765,
      0.3893029850426047,
      -0.08419044818049168,
      0.5464836447271144,
      0.022015978597952335,
      0.2682481170261419,
      0.07304673147150341,
      0.24281633154549748,
      0.44403123755499774,
      0.5157330024549415,
      0.13233312183373358,
      0.16585514894746314,
      0.04591794829722027,
      0.40060280863450776,
      0.2670105748093638,
      -0.18691049247008495,
      -0.030284254328152262,
      0.6355650431531343,
      0.14895317286021306,
      -0.44601911590605664,
      0.43849602245182,
      -0.29299070551554185,
      0.5903682572218572,
      0.34688848233381736,
      -0.5791925838502885
    ],
    "defense": [
      0.8701136128189513,
      2.420661964991307,
      2.8331838412707264,
      -1.030184688021718,
      -0.7559776997131495,
      -1.2192711966224306,
      -0.7872726535019966,
      2.2941028026242165,
      0.8558243190123699,
      0.8981706901706855,
      1.719523012490062,
      2.001349182231399,
      -2.053712000836729,
      0.7138689378601839,
      0.6137903508916952,
      0.38121573020868554,
      -0.37025004720369115,
      0.5026966748723708,
      0.4299644178868353,
      0.9235749368780177,
      0.5113284658585662,
      0.024057770467805606,
      -1.064851369825557,
      0.9300201589789875,
      -0.9260616151222404,
      0.8170119112874615,
      -0.06620599353439668,
      -0.5057409119461241,
      -0.04585325382666937,
      0.9704344671941361,
      0.28097852210348245,
      0.6790646246679143,
      -1.2646516930045761,
      0.5939767776153806,
      0.671332745270537,
      -0.41757947642963394,
      1.2125585648350614,
      1.2890395994211215,
      -0.48138940985316325,
      1.1445955401321748,
      1.3042516933037667,
      0.4429025228936243,
      0.6330506798467433,
      -0.07679692109502452,
      -0.3655355530832057,
      0.6038533783922252,
      -1.0704948291224206,
      -0.29797137098047666,
      0.24249567993636242,
      0.08856919971489238
    ],
    "dribble_left_right": [
      1.565364649130694,
      -0.32226822841373876,
      -0.6141904005368776,
      0.14009171566862175,
      0.7142040488125657,
      0.33428394885564156,
      0.9592846909482222,
      -0.322166589038749,
      -0.8072851557812196,
      1.258423079929586,
      -0.7237294260325272,
      -0.4280847993572095,
      0.2224293942902382,
      -1.1691846608645375,
      1.3619074844745878,
      0.10529325118256988,
      0.9240851423016492,
      1.1125289107864533,
      0.617182832003578,
      -0.1956488837920616,
      0.2876413537063749,
      -0.7188930097919835,
      1.010873378711809,
      0.5979547313086689,
      1.4627222786064407,
      -0.38352827768459885,
      0.9325049101721296,
      0.9152205475706477,
      0.44871858020324323,
      1.1101327508727838,
      0.0033987529268011997,
      0.12897973691335632,
      -1.4757957928085674,
      -0.31462196920748337,
      -0.08409625798079372,
      -0.9153222725580653,
      -1.1210368156306143,
      -1.3864053618510122,
      0.44954754284814946,
      0.36709083924086955,
      -0.5147876814464024,
      -0.589037104079635,
      -0.4657493531270778,
      -0.48684529163649676,
      0.3314180215778141,
      0.23136535237634195,
      -0.9919128505153023,
      0.4263111792765757,
      0.024206427557098464,
      -0.5800277249241399
    ],
    "dribble_right_once": [
      -0.014993767868044168,
      0.4213261188959923,
      0.0740451905461018,
      -0.041087665115314045,
      0.30167896151905654,
      -0.18864413626286672,
      0.3362370041303554,
      0.5300602751127254,
      -0.3631471197264074,
      -0.018669860131432778,
      0.016479902111074782,
      0.31655428647250566,
      -0.41474718625369056,
      0.04941063998650979,
      -0.016237431251478654,
      1.036110809187863,
      -0.1411556277138579,
      0.5617776711198779,
      1.1961547188594688,
      0.7926243987929155,
      1.1171432079864048,
      0.8775448866234485,
      -0.018385685379022996,
      -0.6168084540816597,
      -0.26887421181700605,
      -0.3646656781476496,
      0.9962669544885754,
      -0.1314234314163564,
      1.0933943228336682,
      0.44613200088950883,
      1.0670685709358325,
      0.20530574432795387,
      0.26644825735730865,
      0.709330627817669,
      1.0297405005407068,
      0.0022388988858313996,
      0.14321275509637973,
      0.09718917586674351,
      0.4037770838968468,
      -0.08954448852112054,
      -0.15425976254650767,
      -0.2181875141908974,
      0.46151732526576106,
      0.8444819544632194,
      -0.8201440584302879,
      1.026065351876157,
      0.018731273691500294,
      0.99172994971932,
      1.189526442596702,
      -0.9840360293517942
    ],
    "null": [
      -0.7948991127540312,
      -0.9544434015693907,
      -0.8039858929469715,
      -0.00027271240872285535,
      0.25579293807218884,
      0.835669330190435,
      0.24467565188916104,
      -1.0768510442720698,
      -0.5372662156142904,
      -0.7907937288052834,
      0.033254805832890276,
      -0.8172606010667139,
      0.8285629557370885,
      -0.05793258488428884,
      -0.7372291915550094,
      -0.9774906220532438,
      0.17932342428617387,
      -0.8355069167270641,
      -0.8177436225596926,
      -0.991821403430107,
      -0.9747149414552622,
      -0.7339888570554525,
      0.04226051306782583,
      0.42160248085589713,
      0.12041010667768898,
      -0.6659130859864636,
      -0.6846131281403365,
      0.18812081433516029,
      -0.774359429268931,
      0.17805461476702483,
      -0.9325842627253865,
      -0.8745652630028287,
      -0.500988562298854,
      -0.9969277877228192,
      -0.9109424404416598,
      -0.30711953386468654,
      -1.2612049588897738,
      -1.0948403271658647,
      -0.5245944834300541,
      -0.3406354253423272,
      0.052645234132105895,
      0.37205658950789333,
      -0.7713954028193859,
      -0.6896472777045313,
      1.3208554447332552,
      -1.078870290408998,
      0.7433361710768992,
      -0.6455332108255809,
      -0.9547832853590364,
      0.7326220156748205
    ],
    "pass_high": [
      0.12791026477076015,
      0.6500267367903535,
      0.8184071781565428,
      -0.5735599860734847,
      -0.680216369238562,
      -0.6886393323223927,
      -0.5682885997194895,
      0.9093297836524624,
      0.5365406266386955,
      0.3114598108507781,
      0.21452748691259205,
      1.0276387472623498,
      -0.4675619164119099,
      0.49395853797752914,
      0.30656468745164117,
      -0.1955615976801308,
      -0.3750553828601171,
      -0.055481228692955374,
      -0.2086851250364456,
      0.33676022277202045,
      -0.11048612142261598,
      -0.1970010132949881,
      -0.3712945825536713,
      -0.25359992246686236,
      -0.45502671290258934,
      0.5843598293275332,
      -0.10806261391954762,
      -0.155665407982299,
      0.06856737875744658,
      -0.17709591862486126,
      -0.21098032475227918,
      0.09746960072822793,
      0.5767639026006696,
      0.35034767762212177,
      0.21229533186496535,
      0.32895363704265423,
      0.14604552077058464,
      0.07648044102105901,
      0.4182290425793192,
      0.45363092803382193,
      -0.20775247820259216,
      0.1564392639785789,
      1.0612673492147826,
      -0.0676943386060056,
      -0.3270563949648365,
      0.13761463329196322,
      -0.2763721944966771,
      0.12530336956157984,
      -0.06833229150033031,
      -0.14678728274342787
    ],
    "shot": [
      0.08387286939974384,
      0.4593213582141017,
      0.02222899936065752,
      0.08231482538997016,
      0.28963755995258916,
      -0.12036369108865898,
      0.25155227077549924,
      0.462262120615879,
      -0.3972442404473339,
      0.04530059891620006,
      0.03863875581079654,
      0.199596022829402,
      -0.34111593374903154,
      0.006533825636856138,
      -0.004567313124353545,
      1.0275823465800356,
      -0.17415131582390686,
      0.6712082463994994,
      1.1351861147491122,
      0.8550288803196388,
      1.1425301436836663,
      0.7410517962861246,
      0.010997604673706703,
      -0.44400008527780366,
      -0.2904104678148825,
      -0.3900438947694126,
      0.9788937256602332,
      -0.10354138485864353,
      1.1389214547983844,
      0.5379161911013071,
      1.0370918180780764,
      0.21289097891277395,
      0.0827449797302841,
      0.740940805139173,
      1.006294623562272,
      -0.10984074561405764,
      0.1572261632169554,
      0.10225456995781836,
      0.47504388569365824,
      -0.1916630709996933,
      -0.09198928868560236,
      -0.1567209189654534,
      0.43639036345358456,
      0.5630658640482457,
      -0.8339196802310006,
      1.0065374997666803,
      -0.08994317055635223,
      0.9780495156207178,
      1.0405242835608979,
      -0.9487834218187299
    ]
  },
  "class_covs": {
    "catch": [
      [
        0.41191542432718703,
        0.22802485296666933,
        0.16505176757331616,
        0.09025364507827076,
        0.12675936283584796,
        -0.08753011304187293,
        0.062788496521462,
        0.24156566283956843,
        -0.02803311460458275,
        0.4503281101219061,
        -0.1663512528799199,
        0.09774575469330414,
        -0.34500471342296857,
        0.09293025299453621,
        0.38985427271742146,
        0.1688885219820405,
        0.0019560243101601183,
        0.25904688988907343,
        0.11089447476501839,
        0.2563070900563805,
        0.15574694946827108,
        0.08949300875291216,
        -0.03739547522297988,
        0.2298832325920677,
        0.000504555176866937,
        -0.010256346036597051,
        0.12688999751055524,
        0.26895120775894027,
        0.16848616778569697,
        -0.029513277784800646,
        0.09574331078783829,
        0.21472094397240438,
        -0.12304323351212194,
        0.27407223038622874,
        0.21831182604230648,
        -0.14201382933089393,
        0.14314156975244116,
        0.12880309914806592,
        0.14471320388062808,
        -0.11961349687430481,
        -0.17141859363555279,
        0.0446657893342322,
        0.2368511395226941,
        0.17533050946258844,
        -0.042617254322222034,
        0.18199981353246042,
        -0.45363328130916536,
        0.135131994867635,
        0.19556080395463057,
        -0.07564942618344445
      ],
      [
        0.22802485296666933,
        0.8200466718571632,
        0.7051679507108296,
        -0.064759917542317,
        -0.15606905411648278,
        -0.3069206596835667,
        -0.22561774539562876,
        0.5163034125029624,
        0.04896843603610425,
        0.3192670783889405,
        -0.12439438214989763,
        0.3777162273390005,
        -0.7326587777575545,
        0.268193433513448,
        0.25426999179659027,
        0.32322151707967084,
        -0.1491920297372364,
        0.2379513943310146,
        0.33148788186131006,
        0.6023170222854679,
        0.4266812489018982,
        0.2495529748923468,
        -0.24969633405521874,
        0.0012242313610463034,
        -0.15600029786995062,
        0.07872413111997721,
        0.19851982918067318,
        0.21372082212480095,
        0.2002649960768638,
        -0.021884789713445412,
        0.3491290012188409,
        0.36132776868382205,
        -0.12151596842213905,
        0.5633998815647504,
        0.4287074657201474,
        -0.020808887095425943,
        0.3280239899460169,
        0.273727995265414,
        0.07765266472414686,
        -0.131938383213906,
        -0.13820487968095332,
        0.12042534087843258,
        0.5787750848334967,
        0.27552073413159267,
        -0.2308138569551605,
        0.39275542410811926,
        -0.3439990875558691,
        0.15184701665933184,
        0.5100548271144658,
        -0.10139834472957712
      ],
      [
        0.16505176757331616,
        0.7051679507108296,
        1.0688712171686612,
        -0.14437185162960392,
        -0.2333254455336186,
        -0.5391096886918074,
        -0.3132118230003978,
        0.5208280290978048,
        0.24294363713101472,
        0.2662097627476028,
        -0.1756542511016246,
        0.6479756558764452,
        -0.6307372181932445,
        0.2501145881061688,
        0.20892369882238698,
        0.029964200796335477,
        -0.1808092115148967,
        0.042261789555049764,
        -0.020051469405845443,
        0.38822058208681287,
        0.08524811003130965,
        0.18384808672608294,
        -0.2034616342706602,
        0.11149613859715256,
        -0.14018045813760138,
        0.28428176635888147,
        -0.011149537706901023,
        0.270222796146407,
        0.07164163526717549,
        -0.31254181328556824,
        0.08755903353766911,
        0.3373486862409656,
        0.0017087185379010016,
        0.4066106532333465,
        0.26932456692164225,
        0.15147180497388937,
        0.3232367204816831,
        0.32447225145600667,
        0.11632347024524285,
        0.033376283108211,
        -0.12167792050807763,
        0.1197982411743183,
        0.6047051849086807,
        0.12833127279275444,
        -0.15692497562302996,
        0.1843908097961352,
        -0.28995928412460714,
        0.07921021159375745,
        0.21884460421322535,
        0.05360103342730293
      ],
      [
        0.09025364507827076,
        -0.064759917542317,
        -0.14437185162960392,
        0.3470124833139885,
        0.37039090547389164,
        0.09678278883052063,
        0.33210157295268844,
        -0.04559422463886821,
        -0.10914038299389467,
        0.10872012282101931,
        -0.20301186569128032,
        -0.13171515580832477,
        -0.061292240553962166,
        -0.07752576718767927,
        0.10449066829312419,
        0.27236590605957817,
        0.11380962888174175,
        0.24449699348599815,
        0.2666286071486571,
        0.13555530089960405,
        0.23715656132672064,
        0.16654310210649986,
        0.13063678330594336,
        0.11916781384107755,
        0.09210789087514697,
        -0.10429031089703683,
        0.2661585129143376,
        0.055605152713988464,
        0.28762625446381496,
        0.09457549432800655,
        0.20361333145572474,
        0.04473708692482194,
        -0.10558919866449401,
        0.11408515725585665,
        0.20733715014009269,
        -0.1014054284929309,
        -0.06160605541568312,
        -0.02734261957237164,
        0.10867161849357909,
        -0.18837803585473825,
        -0.14425139202263965,
        -0.062413248223013536,
        -0.08851507097173221,
        0.15035782983330612,
        -0.07573322363256087,
        0.1752657959082287,
        -0.09902320537305052,
        0.23360688016139372,
        0.22063978550945532,
        -0.26984350537330354
      ],
      [
        0.12675936283584796,
        -0.15606905411648278,
        -0.2333254455336186,
        0.37039090547389164,
        0.8115207976556246,
        0.22670886806201174,
        0.6717382124674526,
        -0.16361320710365518,
        -0.23428030947521516,
        0.12237841404332302,
        -0.3670500548316041,
        -0.31923230525768675,
        -0.08749791646696739,
        -0.17776056673985413,
        0.1290923791979252,
        0.4942113098970985,
        0.2733157331434587,
        0.3817361155058838,
        0.49445483883823027,
        0.19607098226249953,
        0.44221243078723255,
        0.3505269908537685,
        0.25002350416265995,
        0.20435982473904915,
        0.16976722422748097,
        -0.22981462142805498,
        0.5307622846389201,
        0.08353220270204938,
        0.524726431079457,
        0.11918727137180625,
        0.4007826785462289,
        0.07731100416576564,
        -0.19784156424045393,
        0.18070636340606808,
        0.3757865080239964,
        -0.18342313449172076,
        -0.11018992893773374,
        -0.02308337867879895,
        0.18086145819617402,
        -0.2703651080272601,
        -0.2371341966084579,
        -0.1620309273681708,
        -0.2388823416251846,
        0.27745707022244015,
        -0.1499832403381372,
        0.2919727970168622,
        -0.09985080962200388,
        0.4337037297701027,
        0.4102842390748204,
        -0.46771279820675676
      ],
      [
        -0.08753011304187293,
        -0.3069206596835667,
        -0.5391096886918074,
        0.09678278883052063,
        0.22670886806201174,
        0.6517426170385779,
        0.26540477921947564,
        -0.4126908949343372,
        -0.2791452505654903,
        -0.18025952691135505,
        0.12340769322936503,
        -0.6832065139251144,
        0.1988864616263223,
        -0.1889952973251774,
        -0.1312463758348114,
        0.053221908457560016,
        0.11960383157571597,
        0.06035802189846899,
        0.1131788882523587,
        -0.23390266801390555,
        0.05807167671312226,
        -0.13490774376501607,
        0.11479359415843954,
        -0.1722343210374244,
        0.12234476300831688,
        -0.3177432709125762,
        0.08668593635484441,
        -0.06710747742572266,
        -0.13962588563067566,
        0.002351710364416165,
        0.005031020455144569,
        -0.353861840112753,
        -0.27289558977503986,
        -0.29228268697749776,
        -0.23635182568189708,
        -0.29181170721807154,
        -0.10537940331317079,
        -0.126635547328896,
        -0.09084338529386918,
        -0.026707185366091454,
        0.15398394516700767,
        -0.13945352145767678,
        -0.45220849025903603,
        -0.11821861851189522,
        0.17821164681376003,
        -0.05044138197983067,
        0.20668666330688454,
        -0.20195074303349758,
        -0.03305725913037993,
        0.07330188401506188
      ],
      [
        0.062788496521462,
        -0.22561774539562876,
        -0.3132118230003978,
        0.33210157295268844,
        0.6717382124674526,
        0.26540477921947564,
        0.7803673022331322,
        -0.21607889816441006,
        -0.13389136713645994,
        0.0525536115888705,
        -0.26228512868725096,
        -0.3545007548040842,
        0.019007684722738272,
        -0.20886585837351013,
        0.055232010529659405,
        0.4493934494782181,
        0.25208647210397406,
        0.3044902161899583,
        0.4653003907202207,
        0.13086953202558407,
        0.4072819447122784,
        0.31401746059581914,
        0.26042523482006164,
        0.12111765580452488,
        0.20509150381708846,
        -0.13575731347091274,
        0.5197291944098352,
        0.04778257729030432,
        0.4807699406890072,
        0.0912556138755317,
        0.3321267247465494,
        0.018069748923456076,
        -0.09786640587223272,
        0.12974306323989782,
        0.29113198828601844,
        -0.11800934402396696,
        -0.27240287569022437,
        -0.2104417095417374,
        0.1569494514749737,
        -0.24535247374004163,
        -0.13980668901050328,
        -0.1354520605571561,
        -0.29995549262353827,
        0.27086377884120233,
        -0.1282151784273389,
        0.23778863543216683,
        -0.04308673591908785,
        0.37834475862412376,
        0.33726704817332764,
        -0.41133401716006884
      ],
      [
        0.24156566283956843,
        0.5163034125029624,
        0.5208280290978048,
        -0.04559422463886821,
        -0.16361320710365518,
        -0.4126908949343372,
        -0.21607889816441006,
        0.6573787411392302,
        0.044891790080454956,
        0.31371550301078205,
        -0.019933377370345815,
        0.5414771102739284,
        -0.5251245528711946,
        0.2421416120482304,
        0.1695058892343781,
        0.19304755430367315,
        -0.1478702164379745,
        0.15412209560323317,
        0.10720087546985373,
        0.4094474433112464,
        0.19215771519333708,
        0.17187798676914132,
        -0.20237152273324846,
        0.09222495463955889,
        -0.13862801162819713,
        0.0734716201221722,
        0.02880786137439931,
        0.1612822171269356,
        0.1451383505573511,
        -0.042999214014168556,
        0.1321169347236601,
        0.35808576371322937,
        -0.04970543858773119,
        0.4579976662671021,
        0.3080596284313976,
        -0.00019077323006747284,
        0.21446832821356282,
        0.16360795433327455,
        0.14828312875475486,
        -0.11294788297016399,
        -0.041440160733401364,
        0.12523634464490227,
        0.5455145635045506,
        0.2238115605490023,
        -0.157966916944363,
        0.2710685479198178,
        -0.4193244973471936,
        0.11919231759979396,
        0.27122314141296744,
        -0.02143057152105042
      ],
      [
        -0.02803311460458275,
        0.04896843603610425,
        0.24294363713101472,
        -0.10914038299389467,
        -0.23428030947521516,
        -0.2791452505654903,
        -0.13389136713645994,
        0.044891790080454956,
        0.803837996224459,
        0.0766020440716963,
        -0.004108363298569429,
        0.27695363221588204,
        0.03726175810792684,
        0.10511070676718243,
        0.08806960469344176,
        -0.21831496821699836,
        -0.02590141797105147,
        -0.21230398550567425,
        -0.2049234521959282,
        0.04866945433336607,
        -0.16738656798669962,
        -0.12768094870539143,
        -0.07484289290151629,
        0.10710630606965799,
        -0.03702869618784062,
        0.8102276511973898,
        -0.12475041653111558,
        -0.013480404229329977,
        -0.03441952336130758,
        -0.20750967836441958,
        -0.19067651145976644,
        0.08617726135303513,
        0.473182274779695,
        0.08776638069356096,
        0.00379262018993608,
        0.32209066574132433,
        -0.37347351697687026,
        -0.3864187485042929,
        0.2163390158761004,
        0.1000482203338989,
        -0.03353225038063978,
        0.08654455300582646,
        0.08238496902838854,
        0.045976372364552306,
        -0.017851366909131517,
        -0.16013979852169938,
        -0.05514883188472465,
        -0.002621023421840444,
        -0.19500663745232572,
        0.09355397132276429
      ],
      [
        0.4503281101219061,
        0.3192670783889405,
        0.2662097627476028,
        0.10872012282101931,
        0.12237841404332302,
        -0.18025952691135505,
        0.0525536115888705,
        0.31371550301078205,
        0.0766020440716963,
        0.664463770891407,
        -0.31136519960332304,
        0.1954138140996083,
        -0.46885631975527403,
        0.08145644724673283,
        0.5653074544486114,
        0.2036716097890542,
        0.0069974992267423245,
        0.30983218387295963,
        0.1508226935081097,
        0.3693494822842345,
        0.1986815197145738,
        0.08872006186374844,
        0.025661744868439775,
        0.27287941933249704,
        -0.0006780046894953518,
        0.10131295825738017,
        0.18513784778307302,
        0.30087911210840723,
        0.28562137228382367,
        -0.06509420968075323,
        0.13523894187240265,
        0.2944679915750724,
        -0.04493856967297552,
        0.3819724005888383,
        0.31823529723554905,
        -0.0975434988061004,
        0.10557226892941181,
        0.10022175942049426,
        0.14653430658921518,
        -0.1480004687832694,
        -0.2856605132316919,
        0.02637858747924859,
        0.3449361746493327,
        0.2464953232294598,
        -0.07645964698148473,
        0.22327816004343162,
        -0.6366865654905108,
        0.26342737431375024,
        0.25638002088845707,
        -0.18070775715584952
      ],
      [
        -0.1663512528799199,
        -0.12439438214989763,
        -0.1756542511016246,
        -0.20301186569128032,
        -0.3670500548316041,
        0.12340769322936503,
        -0.26228512868725096,
        -0.019933377370345815,
        -0.004108363298569429,
        -0.31136519960332304,
        1.2209099165211668,
        -0.06952200171831735,
        0.277413935165477,
        0.3089472174826503,
        -0.30477436168273453,
        -0.2569906294366596,
        -0.10623145693963955,
        -0.30162115282587126,
        -0.2720523353404266,
        -0.2508414566814123,
        -0.22282807140996883,
        -0.2416373671383466,
        -0.5788012651467217,
        -0.18823414857235843,
        -0.3114155172238013,
        -0.03328509128101575,
        -0.37541597481112093,
        -0.15356225580746946,
        -0.6765230651855312,
        -0.09643391393643688,
        -0.2814929266840343,
        -0.18420271979860078,
        -0.08415667958979972,
        -0.18897972572199792,
        -0.3555359932779594,
        0.031272834537951856,
        0.02173830753177698,
        -0.07519273674938314,
        -0.0014043352135436277,
        0.11534880707596083,
        0.8515183422114837,
        0.07247019819993271,
        -0.0989128477363322,
        -0.15595298280691525,
        0.12559560277230516,
        -0.17747749455566705,
        0.27800581376974864,
        -0.7834117350442025,
        -0.33141585282459046,
        0.6991593361160254
      ],
      [
        0.09774575469330414,
        0.3777162273390005,
        0.6479756558764452,
        -0.13171515580832477,
        -0.31923230525768675,
        -0.6832065139251144,
        -0.3545007548040842,
        0.5414771102739284,
        0.27695363221588204,
        0.1954138140996083,
        -0.06952200171831735,
        0.8569007410072303,
        -0.2579682323085951,
        0.23036641065130964,
        0.10514213047062596,
        -0.12651387146716364,
        -0.1526968381183895,
        -0.08959533734457528,
        -0.21275056430730427,
        0.21781439295786878,
        -0.13164511373043336,
        0.031961604953486204,
        -0.15437314392099816,
        0.1839794812136414,
        -0.14367249019417178,
        0.3108946877413166,
        -0.20686860500048937,
        0.09642235459488874,
        0.04066318818908764,
        -0.01810723816689229,
        -0.10016981738898172,
        0.2844540593312418,
        0.1924169646835049,
        0.26985405659599404,
        0.15916296232197083,
        0.2619621158693035,
        0.1461460742641151,
        0.14186929201945161,
        0.0805325048101806,
        0.034306611617999826,
        -0.11333727958577282,
        0.1267571855363033,
        0.5587256554994761,
        0.05749865036461411,
        -0.15792086799519375,
        0.023310119053593665,
        -0.26164644021302824,
        0.10381248697863237,
        -0.03942690334465234,
        0.015445597416086356
      ],
      [
        -0.34500471342296857,
        -0.7326587777575545,
        -0.6307372181932445,
        -0.061292240553962166,
        -0.08749791646696739,
        0.1988864616263223,
        0.019007684722738272,
        -0.5251245528711946,
        0.03726175810792684,
        -0.46885631975527403,
        0.277413935165477,
        -0.2579682323085951,
        1.0585507985410758,
        -0.23395692279527341,
        -0.35542946447283247,
        -0.47103953818457,
        0.07979593302686303,
        -0.41037594254045123,
        -0.4346688395913689,
        -0.6166484066135481,
        -0.5141404801999601,
        -0.2930851097123357,
        0.1409672209606993,
        -0.04514323283421165,
        0.10898538135984076,
        0.010750688099806957,
        -0.34329574414075104,
        -0.3509197728256324,
        -0.36963321837104957,
        0.1606458399077178,
        -0.40759351539632094,
        -0.40043670799862346,
        0.12904489018027132,
        -0.599589839257803,
        -0.5156318614947059,
        0.16468719661253978,
        -0.1972077822981409,
        -0.16126245864617028,
        -0.11470401268705507,
        0.15794774460622849,
        0.24831970267568984,
        -0.08136715180935929,
        -0.516503888235135,
        -0.39882493478123676,
        0.16539712109905627,
        -0.5033063845442237,
        0.5233680744826141,
        -0.3011325295158727,
        -0.6300194343404283,
        0.19604114279062224
      ],
      [
        0.09293025299453621,
        0.268193433513448,
        0.2501145881061688,
        -0.07752576718767927,
        -0.17776056673985413,
        -0.1889952973251774,
        -0.20886585837351013,
        0.2421416120482304,
        0.10511070676718243,
        0.08145644724673283,
        0.3089472174826503,
        0.23036641065130964,
        -0.23395692279527341,
        0.7617712296859535,
        0.07228651684359844,
        -0.036297765419427246,
        -0.11376022549778454,
        -0.010425739567180795,
        -0.04453949475287907,
        0.2173752813984309,
        0.04971084105189393,
        -0.01624099656483399,
        -0.706711554592277,
        0.11706433678342464,
        -0.3480967011422491,
        0.1179223470391058,
        -0.10811201137569437,
        0.07016464982409229,
        -0.21123206440739112,
        -0.0884307484257235,
        -0.02197255183819897,
        0.15293713282497823,
        -0.005406543455075404,
        0.25273772659508253,
        0.10999162862113986,
        0.013074388989187355,
        0.13619658816197439,
        0.11598508633734561,
        0.1192544747082478,
        -0.08390832052671723,
        0.21075981881181083,
        0.17371759436075826,
        0.259515793561426,
        0.09037178057154378,
        -0.0865318362351317,
        0.06273022830759044,
        -0.08026434081494711,
        -0.26519297740265524,
        0.07177999621606788,
        0.29327377057683346
      ],
      [
        0.38985427271742146,
        0.25426999179659027,
        0.20892369882238698,
        0.10449066829312419,
        0.1290923791979252,
        -0.1312463758348114,
        0.055232010529659405,
        0.1695058892343781,
        0.08806960469344176,
        0.5653074544486114,
        -0.30477436168273453,
        0.10514213047062596,
        -0.35542946447283247,
        0.07228651684359844,
        0.6508113787562545,
        0.15815440309364878,
        0.04470750388695684,
        0.25966018709599004,
        0.13508521211400937,
        0.3297374758141999,
        0.17363299237867139,
        0.07637555584316473,
        0.024091148363179743,
        0.2507170439271539,
        0.01863467583838031,
        0.11188850317012541,
        0.1737110106044872,
        0.23064785461114573,
        0.2536809053653845,
        -0.024305715466100903,
        0.11374417311555363,
        0.24972584130534053,
        -0.03452528583487063,
        0.31238048966696347,
        0.28781524435419054,
        -0.07329770211303431,
        0.1485956576038947,
        0.15682507267970408,
        0.14819236705104452,
        -0.1411058963167431,
        -0.27630485877368005,
        -0.048351933082413,
        0.27743391698140457,
        0.19573472987672483,
        -0.05870208996072609,
        0.1721045130195775,
        -0.42904416405413476,
        0.23815544803932065,
        0.19307084184792755,
        -0.18143222586414118
      ],
      [
        0.1688885219820405,
        0.32322151707967084,
        0.029964200796335477,
        0.27236590605957817,
        0.4942113098970985,
        0.053221908457560016,
        0.4493934494782181,
        0.19304755430367315,
        -0.21831496821699836,
        0.2036716097890542,
        -0.2569906294366596,
        -0.12651387146716364,
        -0.47103953818457,
        -0.036297765419427246,
        0.15815440309364878,
        0.889152813628848,
        0.1168304424307522,
        0.507163792856966,
        0.8667667241708208,
        0.6374607979001454,
        0.8429710142386565,
        0.6276045958310298,
        0.07807251203240977,
        -0.0296869957664683,
        0.044049489782082715,
        -0.20120717717316014,
        0.7634636366308262,
        0.06492109682335226,
        0.6849936134486982,
        0.20973013943179217,
        0.7459349428964038,
        0.35985305204162243,
        -0.14726457700305973,
        0.5862869860601387,
        0.6701446499251247,
        -0.15324936395076266,
        -0.016498966750495506,
        -0.015175523875551173,
        0.2145354159893186,
        -0.34633285520847157,
        -0.16093664607470953,
        -0.014707431814770883,
        0.08053303740902434,
        0.550389522560398,
        -0.3400779959767524,
        0.602626617318132,
        -0.22355096804012325,
        0.5426772371957839,
        0.8166326642819062,
        -0.5535758378488291
      ],
      [
        0.0019560243101601183,
        -0.1491920297372364,
        -0.1808092115148967,
        0.11380962888174175,
        0.2733157331434587,
        0.11960383157571597,
        0.25208647210397406,
        -0.1478702164379745,
        -0.02590141797105147,
        0.0069974992267423245,
        -0.10623145693963955,
        -0.1526968381183895,
        0.07979593302686303,
        -0.11376022549778454,
        0.04470750388695684,
        0.1168304424307522,
        0.36040546932458467,
        0.09456855135916102,
        0.14042796542425293,
        0.015033876366519388,
        0.10851603805455746,
        0.03754513210375029,
        0.1328140466172264,
        0.0318145797505251,
        0.11244502955282959,
        -0.03250808479990562,
        0.18751236468092483,
        -0.025494877783622208,
        0.17814447986649956,
        0.09670433354438156,
        0.08568458263865023,
        -0.044718468037614784,
        -0.042028230254793235,
        0.0022910598419184857,
        0.10884637286923722,
        -0.05464111657796534,
        -0.08504255176734057,
        -0.03300021450802248,
        0.02889511649151702,
        -0.0354344715159721,
        -0.06944253745293906,
        -0.2006791812821947,
        -0.16830099777228272,
        0.1102063322544964,
        -0.01669605164544906,
        0.02341268077801042,
        0.03206472090960776,
        0.1358485205189633,
        0.047822291632672737,
        -0.17573369108537085
      ],
      [
        0.25904688988907343,
        0.2379513943310146,
        0.042261789555049764,
        0.24449699348599815,
        0.3817361155058838,
        0.06035802189846899,
        0.3044902161899583,
        0.15412209560323317,
        -0.21230398550567425,
        0.30983218387295963,
        -0.30162115282587126,
        -0.08959533734457528,
        -0.41037594254045123,
        -0.010425739567180795,
        0.25966018709599004,
        0.507163792856966,
        0.09456855135916102,
        0.5616588772858386,
        0.5299943497646563,
        0.3886884850422143,
        0.503014608932124,
        0.34774066372506035,
        0.08893827485651339,
        0.11550015241394615,
        0.0617511519770557,
        -0.19594510915196384,
        0.5229581016940104,
        0.16626901925289878,
        0.4932357424258616,
        0.11230670074252622,
        0.4365001671401284,
        0.2261403469087596,
        -0.16759219559628025,
        0.3573487434524056,
        0.4535447399303967,
        -0.22128526945000396,
        0.0665039445678408,
        0.07558251083614502,
        0.15444706349757265,
        -0.22953967471156425,
        -0.24211282725456118,
        -0.045301378960336126,
        0.07803317417708085,
        0.3356506136101059,
        -0.16852422067422623,
        0.3914627958328011,
        -0.32077412268650585,
        0.39693194608063415,
        0.5299358943378014,
        -0.41465556885578464
      ],
      [
        0.11089447476501839,
        0.33148788186131006,
        -0.020051469405845443,
        0.2666286071486571,
        0.49445483883823027,
        0.1131788882523587,
        0.4653003907202207,
        0.10720087546985373,
        -0.2049234521959282,
        0.1508226935081097,
        -0.2720523353404266,
        -0.21275056430730427,
        -0.4346688395913689,
        -0.04453949475287907,
        0.13508521211400937,
        0.8667667241708208,
        0.14042796542425293,
        0.5299943497646563,
        1.076402151139688,
        0.660492851741581,
        0.961543771635525,
        0.64251515764906,
        0.09331753970086921,
        -0.10438491347797715,
        0.05292982626248159,
        -0.19077129231889536,
        0.8988906529759663,
        -0.04441551042086796,
        0.7351201719134864,
        0.287879215215935,
        0.8525230754617983,
        0.31998139585346447,
        -0.09391401853372283,
        0.5970300132961688,
        0.7049089568192831,
        -0.12608879870584408,
        -0.08105925773379302,
        -0.10483971255701116,
        0.14291414867660965,
        -0.3492627063139403,
        -0.17016367554818923,
        -0.03199418248903686,
        0.013895384052844817,
        0.564341565801812,
        -0.3878373236572452,
        0.6210701962325156,
        -0.14735919110626594,
        0.5803857628377717,
        0.9220519905692679,
        -0.6523902811184803
      ],
      [
        0.2563070900563805,
        0.6023170222854679,
        0.38822058208681287,
        0.13555530089960405,
        0.19607098226249953,
        -0.23390266801390555,
        0.13086953202558407,
        0.4094474433112464,
        0.04866945433336607,
        0.3693494822842345,
        -0.2508414566814123,
        0.21781439295786878,
        -0.6166484066135481,
        0.2173752813984309,
        0.3297374758141999,
        0.6374607979001454,
        0.015033876366519388,
        0.3886884850422143,
        0.660492851741581,
        0.8644017251800294,
        0.7382004650632932,
        0.5037076823447513,
        -0.1586812968668705,
        0.06685054686239153,
        -0.08923338492548676,
        0.08550562040021073,
        0.5167782555361983,
        0.11522435568867608,
        0.5443933998420756,
        0.18162727081194194,
        0.5851140332973913,
        0.46292165878691,
        -0.06281764378768225,
        0.8060489256692629,
        0.7143219960152428,
        -0.0182468609536695,
        0.0784214771044747,
        0.055081774042912215,
        0.2300057812406056,
        -0.35848245068915324,
        -0.1896371864224182,
        0.06758583030856187,
        0.45250622544108793,
        0.54839662721777,
        -0.40346993079952514,
        0.5605449154608412,
        -0.361953099247022,
        0.4347272019581952,
        0.6997711158343242,
        -0.40596165133534895
      ],
      [
        0.15574694946827108,
        0.4266812489018982,
        0.08524811003130965,
        0.23715656132672064,
        0.44221243078723255,
        0.05807167671312226,
        0.4072819447122784,
        0.19215771519333708,
        -0.16738656798669962,
        0.1986815197145738,
        -0.22282807140996883,
        -0.13164511373043336,
        -0.5141404801999601,
        0.04971084105189393,
        0.17363299237867139,
        0.8429710142386565,
        0.10851603805455746,
        0.503014608932124,
        0.961543771635525,
