{
  "prob_lower_bound": 0.23666666666666666,
  "working_prob_thresh": 0.35,
  "working_mahal_multiplier": 10000.0,
  "mahal_quantile": 0.975,
  "class_mahal_thresholds": {
    "catch": 110966.06553382141,
    "defense": 120024.78885506882,
    "dribble_left_right": 9990000.0,
    "dribble_right_once": 89122.94169053073,
    "null": 102302.93261693933,
    "pass_high": 91207.6564627096,
    "shot": 80404.43692892643
  },
  "class_centers": {
    "catch": [
      -0.22075677945311808,
      0.2737837265677668,
      0.1932863628410505,
      0.3671186602525096,
      -0.3684588103621289,
      -0.6039704132735646,
      0.3675453623160172,
      -0.24993914996212865,
      -0.6179786007512672,
      -0.5294425158226851,
      0.6495852231385479,
      0.12169997113584757,
      0.024049036991464517,
      -0.11132144639639338,
      -0.5686963232360002,
      0.8363785683385344,
      -0.23339392280905574,
      0.2093975937627569,
      -0.5102294009916927,
      -0.10284205117510692,
      0.11947091540969836,
      0.6309130108459061,
      -0.19172275034331518,
      0.36334614975402046,
      0.11818830138631986,
      -0.0792790390235242,
      0.5218179653571519,
      0.22549173264444938,
      -0.5113397247178476,
      0.4426886350407836,
      -0.37735853482769466,
      0.5844245435997878,
      0.43647821664540865,
      -0.11440072617972019,
      -0.0948476256466966,
      0.05128498945492013,
      -0.8010889303997248,
      -0.39254593905426116,
      0.18951326138591587,
      0.3453890604812601,
      0.261508803488479,
      -0.43094870026945886,
      -0.5460574881423766,
      -0.1343217822551779,
      0.4484812035412419,
      -0.2521563671341343,
      0.09087910963748254,
      -0.004208209258242742,
      -0.016609237203723124,
      0.5154071571760764
    ],
    "defense": [
      -1.0628192356618535,
      0.7699844860267775,
      1.1648159136610319,
      2.2266279842438275,
      -1.298957635749026,
      -0.01504370873878823,
      3.5926597450683575,
      -0.9182686657926659,
      -1.3420963954836753,
      0.09421663434237908,
      0.7266094177325009,
      1.0053011865470165,
      0.027474007946661896,
      0.1106111551029796,
      -1.0345054757849983,
      1.1934104831619867,
      0.1833480507264727,
      1.3527955767958422,
      -0.17380251454962878,
      0.22176747083840118,
      1.2883755242347399,
      -0.03909462888606991,
      -0.7510287249732228,
      1.2379075641613009,
      -0.061333870698301096,
      0.419485578453305,
      -0.0396150211876369,
      0.3017625777663528,
      -0.08435217051719066,
      -0.5103898637988105,
      -0.7067196518902978,
      0.7473785966307744,
      -0.6504257698815222,
      -0.031065580688337393,
      -0.3337880162329315,
      0.9491149812187132,
      -0.35057928176240866,
      0.6287146577046046,
      -0.13599061039334465,
      0.8517449722086259,
      0.5937619252626066,
      -0.6586360415659175,
      0.07131550456261894,
      -0.5658358928279381,
      -0.28462163022572723,
      -0.007739302923001131,
      1.0670463798106375,
      -0.9862684643296505,
      0.21287098438781069,
      -0.2521607793598976
    ],
    "dribble_left_right": [
      0.0,
      0.0,
      0.0,
      0.0,
      0.0,
      0.0,
      0.0,
      0.0,
      0.0,
      0.0,
      0.0,
      0.0,
      0.0,
      0.0,
      0.0,
      0.0,
      0.0,
      0.0,
      0.0,
      0.0,
      0.0,
      0.0,
      0.0,
      0.0,
      0.0,
      0.0,
      0.0,
      0.0,
      0.0,
      0.0,
      0.0,
      0.0,
      0.0,
      0.0,
      0.0,
      0.0,
      0.0,
      0.0,
      0.0,
      0.0,
      0.0,
      0.0,
      0.0,
      0.0,
      0.0,
      0.0,
      0.0,
      0.0,
      0.0,
      0.0
    ],
    "dribble_right_once": [
      0.006997806364224448,
      0.28031663265996026,
      0.023396241008043616,
      0.4494008933089706,
      0.21365913267975667,
      0.0332768641446986,
      0.2487144526230062,
      0.13998405213960852,
      -0.2939244479954973,
      -0.03352246752535102,
      0.7379717648868889,
      -0.04617154749878079,
      0.00665546023881939,
      0.36979985975781465,
      -0.4182307467717971,
      1.0787807773183922,
      0.6542291646730922,
      0.36561907887709294,
      0.18010992916188787,
      0.5938195043839948,
      0.19646524999729237,
      0.26280657135158786,
      -0.20438727965063674,
      0.3449106600528556,
      -0.401265368326969,
      -0.7149141770653719,
      0.3969473166357616,
      0.9361249449967057,
      -0.9659960283934297,
      0.9457003264670608,
      -0.1523051340841698,
      0.7944925381509235,
      0.8110487318437564,
      0.6035641473165143,
      -0.03896941236833646,
      -0.4267311656978956,
      -0.6718721353393424,
      -0.7463991118325705,
      0.5163137383324479,
      0.01873727417100971,
      0.1413512738034072,
      -0.20222682301841993,
      -1.0411039148753185,
      -0.21415698741936703,
      0.9140584986516153,
      -1.035942869998931,
      0.01457020503289296,
      0.39234484497898,
      0.8251171301181419,
      0.9467912953285778
    ],
    "null": [
      -0.4814263376651265,
      -0.4322182423607277,
      0.033443132349552755,
      -0.031179999699628716,
      -0.42351870994446605,
      -0.2904773625008713,
      1.1420840873157168,
      -0.37332483483164963,
      -0.001898057278286019,
      -0.01761913285501497,
      -0.3080034690602782,
      1.066556236414465,
      -0.7061735447028786,
      -0.6340667182686983,
      0.23583753525189471,
      -0.08077900092164642,
      -0.46024716370192775,
      -0.28439381576355,
      -0.22256784721424958,
      -0.48557213757469697,
      1.5815658791661198,
      -0.5734639387089482,
      -0.7295304542546461,
      -0.13059386264579437,
      0.6406528497535249,
      0.6747935435043342,
      -0.7491210094893654,
      -0.6791336899162888,
      0.9060307878201774,
      -0.9291013366283202,
      -0.18887721488674625,
      -0.5745768965627736,
      -0.8681060683859486,
      -0.6836465693071914,
      -0.4606141504338208,
      0.6262120826503503,
      0.4829069333551624,
      0.9204687826035906,
      -0.813233669952949,
      0.87570689267876,
      0.18486537991706672,
      -0.5126402372749941,
      0.7421590945933816,
      -0.5037197771588576,
      -1.0494258290963319,
      0.7287290668373101,
      1.2260981073163777,
      -0.7812271529112724,
      -0.6620583249186671,
      -0.8810931031841137
    ],
    "pass_high": [
      -0.5545046517166972,
      0.37555350228251433,
      0.41332600538453435,
      0.41883830491101276,
      -0.5765736570430252,
      -1.0909755235507235,
      0.40750996887891194,
      -0.5129854410760293,
      -0.6762845926416243,
      -0.9060108612901207,
      0.46316289799033167,
      0.2325624735257209,
      0.058366195950160495,
      -0.5935112337576179,
      -0.6130698558050351,
      0.7541344169274786,
      -1.0062474614689956,
      0.17245684050480486,
      -1.0739815222431845,
      -0.6386069469645476,
      0.07216051410315473,
      0.6877731044832703,
      -0.2025760090462775,
      0.4090229091629732,
      0.5821603002642115,
      0.4470006409399611,
      0.5859269485138684,
      -0.40372582774396265,
      -0.06058073714415875,
      0.003746506913901271,
      -0.6828605377643707,
      0.48365371994564316,
      0.04237262385464633,
      -0.7176758135761533,
      -0.059085392982055014,
      0.26724363530921796,
      -0.80556359982548,
      -0.012712183667640308,
      0.045490695237362974,
      0.46311091821094674,
      0.4307431242386652,
      -0.5143698850281331,
      -0.11193427793315527,
      -0.05684785258720378,
      0.09414044872216808,
      0.3269998625957783,
      0.31356187963255,
      -0.2197000432016001,
      -0.6700334349941082,
      0.054623445972647455
    ],
    "shot": [
      0.15571552233536315,
      0.30719918580658045,
      -0.0014739289764382892,
      0.4290142768201316,
      0.26267722748999434,
      0.06717918905625848,
      0.27816226368603103,
      0.1479801842710405,
      -0.3100797828797855,
      -0.096913897680527,
      0.8617102334499493,
      -0.06580307860445271,
      0.036659542782493115,
      0.35455116794027297,
      -0.3989820128071185,
      1.0743689540370769,
      0.7146359710021165,
      0.3262360299627349,
      0.222621233659615,
      0.6365321244241336,
      0.04585790554700934,
      0.269294739096282,
      -0.24359727367766645,
      0.4853740345382646,
      -0.31505465715475295,
      -0.7802303371043158,
      0.3547428839635466,
      0.9905202619228046,
      -1.0184493910939052,
      1.074801063868322,
      -0.022332202627233923,
      0.8477861047669236,
      0.9170639811802238,
      0.5932258859017725,
      -0.07029362905292802,
      -0.3470904098420466,
      -0.7403752889036718,
      -0.8657783599284996,
      0.5343751552406745,
      0.014217243062985946,
      0.1329454585522838,
      -0.24599399769407243,
      -0.9892877882191706,
      -0.1644213581874044,
      0.9850674922852534,
      -1.0768202644600797,
      -0.031825877177859806,
      0.38316220775027743,
      0.8414610931584646,
      1.0347024850672404
    ]
  },
  "class_covs": {
    "catch": [
      [
        0.4580527173388331,
        -0.09627069502841304,
        -0.14259590247489023,
        0.041709638008311206,
        0.4568280649454231,
        0.2869614820478543,
        0.005841759494580093,
        0.33225779046682596,
        0.03550645693463944,
        0.17761664964389945,
        0.02665121162189259,
        -0.18545742406170274,
        0.04320909381087417,
        0.15997745101009672,
        0.048936436572969616,
        0.04488812543878505,
        0.3307694997648733,
        0.08228936001090482,
        0.3062756054927258,
        0.2693919122913197,
        -0.11194983315558646,
        -0.049845651496248373,
        0.042335646785813016,
        -0.08042073037691402,
        -0.1693748104894545,
        -0.1705740606714439,
        -0.05773209278397733,
        0.18948932897296464,
        -0.12940826346522039,
        0.22606226954717049,
        0.09518272538067939,
        0.06192023401915223,
        0.17134315271287276,
        0.26902995329235607,
        0.011122324397582482,
        -0.22994486050959906,
        0.12292814176873886,
        -0.2055986669631134,
        0.1714068311715287,
        -0.09941228576830317,
        0.010735922868241245,
        0.1022662849169571,
        -0.1331808377102805,
        -0.001841213147918105,
        0.20253588232113523,
        -0.2012215961430836,
        -0.10895610527312385,
        0.23855455861073088,
        0.24943438245857216,
        0.26188600004781315
      ],
      [
        -0.09627069502841304,
        0.5500563525827217,
        0.4265746545820921,
        0.32548043132485477,
        -0.1677125071553874,
        -0.14605425088569202,
        0.10259144492069558,
        -0.16849816919689806,
        -0.13629007098176452,
        -0.07441363004378936,
        0.061547168123725016,
        -0.056459372497689404,
        0.21335109601887517,
        -0.05044899436531974,
        -0.28012907846100304,
        0.11065842128060917,
        -0.19115001374920645,
        0.3566869511922763,
        -0.17371148891172364,
        -0.0567271498571019,
        -0.16386866616535053,
        0.12828354211510887,
        0.10458864235071673,
        0.21819211388078633,
        0.1418217319601259,
        0.06434569526035848,
        0.32864927287322404,
        0.0003258779292297855,
        -0.17509662198219503,
        0.2240896895248181,
        -0.21874392574122312,
        0.49505937652190496,
        0.1827421070810224,
        -0.06861531527549886,
        -0.029722333553600606,
        -0.028199371178631763,
        -0.1904680844120439,
        -0.14813636529021917,
        0.21818461285002833,
        0.11972357911894646,
        -0.009679783949881728,
        -0.08409730104293132,
        -0.18769821181519464,
        -0.01904856571409304,
        0.31862226925058945,
        0.07306788582894122,
        -0.12195389399426317,
        0.038313946587182415,
        -0.08248921290560236,
        0.21285463225067255
      ],
      [
        -0.14259590247489023,
        0.4265746545820921,
        0.5812859361242435,
        0.28065371149936374,
        -0.21073484740451975,
        -0.2488879571584488,
        0.25111167020688163,
        -0.20544946500269742,
        -0.31927733901626965,
        -0.2237746774116731,
        -0.0007157163833168336,
        -0.05083209018361768,
        0.1531954372155052,
        -0.15712690745283495,
        -0.44951463557288335,
        0.041250640615213614,
        -0.3484177248772852,
        0.2692016148752321,
        -0.24851166768395916,
        -0.08062351142620383,
        -0.14951336208761384,
        0.29508559423560604,
        0.11033368197741208,
        0.2658537525354942,
        0.24076920492874493,
        0.22954576299502397,
        0.28353471093021887,
        -0.1394413988934889,
        -0.07521881157405391,
        0.08234049205261938,
        -0.25904597610393404,
        0.2996880551571434,
        0.07483589766474141,
        -0.21746100178284702,
        0.020435677363583194,
        0.057892088604377834,
        -0.21041493054924187,
        -0.0015746953431943144,
        0.08359795139967979,
        0.11151123625792203,
        0.0851945227704702,
        -0.07626820707472096,
        -0.034645566097446026,
        0.0490427822924563,
        0.1321322142968416,
        0.19600364110452517,
        -0.06915411597400896,
        -0.050728572154816284,
        -0.23290876321737664,
        0.014528666961813177
      ],
      [
        0.041709638008311206,
        0.32548043132485477,
        0.28065371149936374,
        0.8247639665198189,
        0.06316547746105955,
        0.1546905816885668,
        0.7044091945312765,
        -0.0073999600582524225,
        -0.5125276357942504,
        0.10144612348473526,
        0.09012876556398605,
        -0.08870992045647808,
        0.2822029983480129,
        0.02126872479880174,
        -0.5204397171163049,
        0.27640991342075966,
        0.3417733663836482,
        0.6618854074695951,
        0.06871725342757792,
        0.2062406744651712,
        -0.256146919688001,
        0.3217398124666554,
        0.013911581712856157,
        0.5068778496500254,
        0.021827520895099255,
        -0.13840493141294685,
        0.32510538527204447,
        0.3113485196961827,
        -0.25214865890181265,
        0.3838124167339551,
        -0.2619011897903349,
        0.5369050663153605,
        0.341379935115795,
        0.14074924950322198,
        -0.09092168167050885,
        -0.27806847922257344,
        -0.0849500473526512,
        -0.25484355288584815,
        0.25969338311159595,
        0.10476590870621261,
        0.07105044002059892,
        -0.10801900504166395,
        -0.48990220277272084,
        -0.045141614568212154,
        0.27278402248598355,
        -0.2950904245570328,
        -0.059663387202004564,
        0.28286208504350835,
        0.23616974199384408,
        0.4336929642468357
      ],
      [
        0.4568280649454231,
        -0.1677125071553874,
        -0.21073484740451975,
        0.06316547746105955,
        0.9974238519608017,
        0.49563663536567687,
        0.05615852185929035,
        0.6695937223518937,
        0.027090602438200575,
        0.4307596033382437,
        0.019324330076195842,
        -0.2476835428618519,
        0.0491167521584759,
        0.3071556950831704,
        -0.007436734418189322,
        0.1313509007721156,
        0.5947425384839093,
        0.14294587993854252,
        0.5852429473564852,
        0.3343104573603629,
        -0.21927394251629434,
        -0.06410490464399227,
        0.12986349256514854,
        -0.012188711320407027,
        -0.27784537667208303,
        -0.10898322275790491,
        -0.11978954791164104,
        0.39790122159999386,
        -0.2548544685678247,
        0.4065681919375696,
        0.17626350999749643,
        0.15745043699758862,
        0.31685200675225245,
        0.4816846970973119,
        -0.011261734556143137,
        -0.47089229484380674,
        0.16474259668802912,
        -0.3385453237057375,
        0.3551889559328117,
        -0.22837564353853804,
        -0.07606865810069854,
        0.1633656159394668,
        -0.2685437811776707,
        0.004510667647474636,
        0.3823123363776494,
        -0.30399963695352394,
        -0.25306904651716583,
        0.4444672532982774,
        0.4582661789238344,
        0.5709233948525232
      ],
      [
        0.2869614820478543,
        -0.14605425088569202,
        -0.2488879571584488,
        0.1546905816885668,
        0.49563663536567687,
        1.1802450769977106,
        0.26524668437433546,
        0.3118908309147131,
        -0.17199409151032827,
        1.0391542761435137,
        0.05885662432052513,
        -0.14598892714918663,
        0.04033266680121957,
        0.7747418121292191,
        -0.10081935787189832,
        0.19288530936232867,
        1.221082232438535,
        0.04058082258056304,
        0.7391012668392151,
        0.8334225695048236,
        -0.25105844791323034,
        0.09341445389353187,
        -0.10234960074531402,
        0.35191407976404687,
        -0.5961338543115824,
        -0.11659446162314974,
        -0.12033526890395883,
        0.7629553047157028,
        -0.23499223558164156,
        0.19298501695930972,
        0.06137404171443397,
        0.07235342353199649,
        0.17150099819999626,
        0.957548406531089,
        -0.002034195715002478,
        -0.5043258475066579,
        0.36289870944581387,
        -0.27708350247645974,
        0.251335148171083,
        -0.18285878087036309,
        -0.24844291024047405,
        0.06753913277222731,
        -0.4009806715781503,
        0.24339463601858013,
        0.2232111711558182,
        -0.40049004069834876,
        0.05594024650920904,
        0.40575594591155123,
        0.9011449437543464,
        0.5513080294672531
      ],
      [
        0.005841759494580093,
        0.10259144492069558,
        0.25111167020688163,
        0.7044091945312765,
        0.05615852185929035,
        0.26524668437433546,
        1.3524320767211953,
        -0.028543764760323425,
        -0.9816403413690745,
        0.13892366488240088,
        0.09809960112109095,
        0.00519073944826174,
        0.1449826766268659,
        0.028464699283243126,
        -0.6841356961742018,
        0.24983477079901562,
        0.3707885499944732,
        0.47148062372360344,
        0.20849857425723206,
        0.32009347264430826,
        -0.16033640091091675,
        0.6253326690225834,
        -0.08079382203668432,
        0.6193395825823754,
        0.054319948386741534,
        0.1994302583378058,
        0.10437894791567288,
        0.28777976556782764,
        -0.10994332175434751,
        0.09367655161722496,
        -0.23474185808725878,
        0.2594777895829127,
        0.09713298272751729,
        0.16977090006204934,
        -0.05032736317001848,
        -0.16263563372184198,
        -0.03245819117170438,
        -0.06394411754115324,
        0.11656521578186196,
        0.03188685431362627,
        0.0928081338180816,
        -0.11341321887262791,
        -0.32901399466669107,
        0.12309831240873863,
        8.901260119124226e-05,
        -0.07262393105783763,
        0.07453669632966775,
        0.10294526228911872,
        0.22605478423329767,
        0.3488889773227361
      ],
      [
        0.33225779046682596,
        -0.16849816919689806,
        -0.20544946500269742,
        -0.0073999600582524225,
        0.6695937223518937,
        0.3118908309147131,
        -0.028543764760323425,
        0.6647170153972809,
        0.07161412790760782,
        0.29650758914285863,
        0.0010684280784298813,
        -0.18097618951130684,
        -0.00540075605488556,
        0.16669328994177382,
        0.03732323175283633,
        0.08432269925213712,
        0.45524878203036345,
        0.04670719381133106,
        0.4049893368960815,
        0.1385473372838839,
        -0.09528313442951729,
        -0.08019817685778871,
        0.11194595361579218,
        -0.024950980973551272,
        -0.19760393879744395,
        -0.17030180277773285,
        -0.11814772558809022,
        0.2943230092645938,
        -0.1790766709668301,
        0.3261538074029618,
        0.18729617791148798,
        0.07706970764003698,
        0.25704133458333506,
        0.34481008773853555,
        -0.010900911230958044,
        -0.29731629586125186,
        0.1315332931903138,
        -0.2645978456229564,
        0.20317722895328474,
        -0.17104207754192405,
        -0.03990136668471609,
        0.1515229345565086,
        -0.1757577626285794,
        -0.1021985307116313,
        0.2662482173943815,
        -0.28274934321557016,
        -0.12058907716387968,
        0.2981543701705675,
        0.3368711690502473,
        0.39029846880987934
      ],
      [
        0.03550645693463944,
        -0.13629007098176452,
        -0.31927733901626965,
        -0.5125276357942504,
        0.027090602438200575,
        -0.17199409151032827,
        -0.9816403413690745,
        0.07161412790760782,
        1.2364337897280355,
        -0.06953598311405342,
        -0.1456148074259496,
        -0.0383173196762607,
        -0.09017943404090437,
        -0.013796012029211026,
        0.8491470476475148,
        -0.25739292353205967,
        -0.1364272977267846,
        -0.35823826582562246,
        0.08220757249152547,
        -0.157468935601843,
        0.17937922542002682,
        -1.1099289674101034,
        0.026735925484239528,
        -0.5501771700585163,
        -0.13829828615849146,
        -0.42210523518313126,
        -0.33940123101665476,
        -0.13100604941602037,
        0.060050618361957755,
        0.061098078244460154,
        0.25926996798082336,
        -0.21863150142720003,
        0.050862695501849436,
        -0.05251848984626103,
        0.07525748733379178,
        -0.022805639086655814,
        0.0721090560484875,
        -0.0970858882850418,
        -0.013017376314382146,
        -0.15789774765874576,
        -0.08225084454078771,
        0.18179120344699412,
        0.2603132384751632,
        -0.14624914974705272,
        0.025987426669971333,
        -0.17029274838242317,
        -0.10671933141606277,
        0.07218378984342541,
        -0.05686865354888387,
        -0.2107833023674878
      ],
      [
        0.17761664964389945,
        -0.07441363004378936,
        -0.2237746774116731,
        0.10144612348473526,
        0.4307596033382437,
        1.0391542761435137,
        0.13892366488240088,
        0.29650758914285863,
        -0.06953598311405342,
        1.172672163177726,
        0.01698299141005652,
        -0.05438364216258835,
        0.016523454099460964,
        0.7283628469605626,
        -0.06388124935514795,
        0.1933943018017104,
        1.1316456450674734,
        0.0001052098772603586,
        0.6524353364073004,
        0.5305506867113051,
        -0.2305288498918847,
        0.021786883169640142,
        -0.08342929150537959,
        0.33614740431450374,
        -0.570266188285855,
        -0.0797895386832404,
        -0.09655642125061592,
        0.751379534378931,
        -0.20971940682573922,
        0.21920017907420133,
        0.029073028409099925,
        0.16775767525623284,
        0.19486842660774625,
        0.9381451638162793,
        0.028633751998564945,
        -0.4599225985356565,
        0.31570462498853014,
        -0.2847391670609891,
        0.2948437335141963,
        -0.1708020269734947,
        -0.3325196057251108,
        0.015859517814848085,
        -0.40900683025011325,
        0.2232191017622182,
        0.3046443109461478,
        -0.38164015314099836,
        0.0478017998335212,
        0.36620889375634025,
        0.8746539874926945,
        0.5851475482106291
      ],
      [
        0.02665121162189259,
        0.061547168123725016,
        -0.0007157163833168336,
        0.09012876556398605,
        0.019324330076195842,
        0.05885662432052513,
        0.09809960112109095,
        0.0010684280784298813,
        -0.1456148074259496,
        0.01698299141005652,
        0.7641026750468883,
        0.1182545177834189,
        0.010280929273521106,
        0.02971537510003632,
        -0.09363680767734828,
        0.6240491832434257,
        -0.024840050034542475,
        0.10766618627223243,
        -0.1019423462811384,
        -0.018923892211293338,
        0.04529418659307948,
        0.14286565286995537,
        0.042923084246027116,
        -0.08902854278422077,
        0.05755755730628436,
        0.18071825051550916,
        0.10829577189483976,
        -0.0031548448510455435,
        -0.10702900122286332,
        -0.029099474370937874,
        0.07528043397616513,
        0.1278099835851302,
        -0.05435038841345885,
        -0.10274754898369531,
        -0.08458483316396435,
        -0.01211321886178073,
        -0.04665174774942773,
        0.05053782426809721,
        0.06707844328314709,
        0.05224859069580363,
        -0.1343932636753142,
        -0.052218782544346726,
        -0.14417772943111548,
        0.05802207249480832,
        0.07023759148650684,
        0.22571734811108496,
        -0.09198956796248557,
        -0.06719764990697112,
        -0.11567293466449599,
        0.08891997417320385
      ],
      [
        -0.18545742406170274,
        -0.056459372497689404,
        -0.05083209018361768,
        -0.08870992045647808,
        -0.2476835428618519,
        -0.14598892714918663,
        0.00519073944826174,
        -0.18097618951130684,
        -0.0383173196762607,
        -0.05438364216258835,
        0.1182545177834189,
        1.0184705170156372,
        -0.0530735303965873,
        -0.19608331995131725,
        0.050151487125513046,
        0.010976681996169272,
        -0.24512282706163063,
        -0.15701688489093993,
        -0.33703914740320245,
        -0.286098017186771,
        0.509590201961378,
        0.047994583970624956,
        -0.14281711127511246,
        0.030865985107837675,
        0.23512372175296067,
        0.15918427928552184,
        0.023996559189216397,
        -0.1222358484684588,
        0.05885688695020243,
        -0.5828556610927472,
        0.04761874710788677,
        -0.10994355384740957,
        -0.695347805194007,
        -0.23922443472376687,
        -0.1681076060515524,
        0.3006355092776114,
        -0.10178136521061559,
        0.5945205597274786,
        -0.1540837225662077,
        0.3012367321318643,
        -0.09893389255042381,
        -0.31366373414455995,
        0.0735952938436474,
        -0.03411254999998518,
        -0.34076404729909365,
        0.2532694239020434,
        0.27660244738459505,
        -0.45465913270768976,
        -0.22568769063765348,
        -0.17228944960044748
      ],
      [
        0.04320909381087417,
        0.21335109601887517,
        0.1531954372155052,
        0.2822029983480129,
        0.0491167521584759,
        0.04033266680121957,
        0.1449826766268659,
        -0.00540075605488556,
        -0.09017943404090437,
        0.016523454099460964,
        0.010280929273521106,
        -0.0530735303965873,
        0.4062582926175158,
        0.06890784015950321,
        -0.1332109180407933,
        0.016160390460189637,
        -0.023197751032458466,
        0.33363242011629124,
        -0.034971032795477495,
        0.06387183794206615,
        -0.14058184944631882,
        0.045998627928488675,
        0.1149111818785072,
        0.1169206777589578,
        -0.012365534473780004,
        -0.0449214817454295,
        0.20091902715313026,
        0.0011567685071724903,
        -0.09160720378014413,
        0.16498728376381647,
        -0.09037912701100671,
        0.2769072460929194,
        0.12090316735383554,
        0.013569358874225225,
        -0.005784334914446828,
        -0.15262962118766768,
        -0.041410237597835665,
        -0.09665923428240121,
        0.25730367993493997,
        0.018056861990984094,
        -0.03519031778235046,
        0.008231348361261968,
        -0.15339522428911823,
        0.019225437524377165,
        0.2001304034999375,
        0.003897003343399403,
        -0.1396721774715771,
        0.1366362655342082,
        -0.016058342366351397,
        0.1979178759775688
      ],
      [
        0.15997745101009672,
        -0.05044899436531974,
        -0.15712690745283495,
        0.02126872479880174,
        0.3071556950831704,
        0.7747418121292191,
        0.028464699283243126,
        0.16669328994177382,
        -0.013796012029211026,
        0.7283628469605626,
        0.02971537510003632,
        -0.19608331995131725,
        0.06890784015950321,
        0.7945914516086137,
        -0.006477581731119579,
        0.11452863697125841,
        0.8288612436450375,
        -0.009637256363984754,
        0.5106719427696061,
        0.6711208577582035,
        -0.21015217403938594,
        0.0038675980400243747,
        -0.05995700474059457,
        0.12245714208500491,
        -0.5862835603548131,
        -0.14942396694711899,
        -0.04519185986484026,
        0.5480030493380521,
        -0.15785297780211724,
        0.2350298353972261,
        0.08074643468097395,
        0.05137597623693686,
        0.2335486400474185,
        0.667922954202573,
        0.051770920947213576,
        -0.38091698164523263,
        0.23251431008822268,
        -0.31646140296314873,
        0.15388824781680993,
        -0.15299481750609836,
        -0.2889778569060151,
        0.06376209247617984,
        -0.2513055088894825,
        0.17526126687928323,
        0.26345089359828916,
        -0.33203688072743726,
        -0.05230501557423571,
        0.35046561050290914,
        0.6476110263490318,
        0.31827243878725087
      ],
      [
        0.048936436572969616,
        -0.28012907846100304,
        -0.44951463557288335,
        -0.5204397171163049,
        -0.007436734418189322,
        -0.10081935787189832,
        -0.6841356961742018,
        0.03732323175283633,
        0.8491470476475148,
        -0.06388124935514795,
        -0.09363680767734828,
        0.050151487125513046,
        -0.1332109180407933,
        -0.006477581731119579,
        0.9252610716335713,
        -0.2092365286570338,
        -0.058890025457869845,
        -0.3973074693506729,
        0.14424298724962825,
        -0.13453403065657127,
        0.28516002436860677,
        -0.7765959262750978,
        -0.07924716557032674,
        -0.49673391264287553,
        -0.16565252364996452,
        -0.4129715525598884,
        -0.3479394710915339,
        -0.13139210429576528,
        0.17918040834499652,
        -0.09639531869183675,
        0.2805633288772896,
        -0.31138095156881657,
        -0.09134349935915764,
        -0.010818416683658618,
        0.06376392789916693,
        0.042847944469539295,
        0.14852911903601979,
        0.01429049532414606,
        -0.095169581806149,
        -0.15860174301130725,
        -0.04713268472715948,
        0.13937213005094054,
        0.37979122744203164,
        -0.10670509719147638,
        -0.11450638006341472,
        -0.1339643905638639,
        0.019753678803578062,
        -0.010249737013302668,
        -0.014867966211698865,
        -0.21387448545236343
      ],
      [
        0.04488812543878505,
        0.11065842128060917,
        0.041250640615213614,
        0.27640991342075966,
        0.1313509007721156,
        0.19288530936232867,
        0.24983477079901562,
        0.08432269925213712,
        -0.25739292353205967,
        0.1933943018017104,
        0.6240491832434257,
        0.010976681996169272,
        0.016160390460189637,
        0.11452863697125841,
        -0.2092365286570338,
        1.129395231692556,
        0.284794243299816,
        0.21856201038944054,
        0.033243142775132364,
        0.03228372024694816,
        -0.14190303929088707,
        0.21398803207401262,
        0.07375228480701175,
        0.11245594352092592,
        -0.04584803932613906,
        0.02957912963418096,
        0.14440116092323463,
        0.21741531343411427,
        -0.17335038918183251,
        0.19085612021733403,
        -0.0962821647317754,
        0.3040621183031435,
        0.2057774896591523,
        0.10073355948830937,
        -0.0129011332214023,
        -0.13155004747046997,
        0.03028930374579744,
        -0.15225213357455927,
        0.12069600860186991,
        0.01738051815295639,
        -0.12197580745400458,
        -0.0492384571727813,
        -0.27825045374574464,
        0.016536795374348795,
        0.17692673486534932,
        -0.035817268231968694,
        -0.07551622809435272,
        0.09486595941727484,
        0.1503437561540168,
        0.24543193019548237
      ],
      [
        0.3307694997648733,
        -0.19115001374920645,
        -0.3484177248772852,
        0.3417733663836482,
        0.5947425384839093,
        1.221082232438535,
        0.3707885499944732,
        0.45524878203036345,
        -0.1364272977267846,
        1.1316456450674734,
        -0.024840050034542475,
        -0.24512282706163063,
        -0.023197751032458466,
        0.8288612436450375,
        -0.058890025457869845,
        0.284794243299816,
        1.8193569800922376,
        0.14138237792159858,
        1.120912809726145,
        0.9517229695450286,
        -0.19491308140197483,
        -0.006791232305782832,
        -0.28184652639958596,
        0.5792313533134962,
        -0.7847288536788019,
        -0.7565577446204876,
        -0.165683832492994,
        1.217960348917733,
        -0.37533294174648685,
        0.6156396354626932,
        0.012682743999789118,
        0.24326718203071143,
        0.5599227767235204,
        1.2419282195379238,
        -0.017826810416943235,
        -0.7589117435952967,
        0.415009331300223,
        -0.6442244302416594,
        0.27717579714314694,
        -0.23568437046776963,
        -0.13553996225177684,
        0.0987612423809543,
        -0.5933981835911084,
        0.03276562913851874,
        0.386922627493591,
        -1.1739674576480834,
        0.17418509526882567,
        0.7347230529841963,
        1.3905792846896359,
        0.831601370212788
      ],
      [
        0.08228936001090482,
        0.3566869511922763,
        0.2692016148752321,
        0.6618854074695951,
        0.14294587993854252,
        0.04058082258056304,
        0.47148062372360344,
        0.04670719381133106,
        -0.35823826582562246,
        0.0001052098772603586,
        0.10766618627223243,
        -0.15701688489093993,
        0.33363242011629124,
        -0.009637256363984754,
        -0.3973074693506729,
        0.21856201038944054,
        0.14138237792159858,
        0.7486319548270017,
        0.020186761413816263,
        0.11976898084683042,
        -0.22320399525388313,
        0.23541253219023783,
        0.08946455541587744,
        0.2890523436232413,
        0.0534193574574985,
        -0.0861871788036127,
        0.3535322887259045,
        0.2014116675226899,
        -0.2881536059430018,
        0.4314130535951983,
        -0.17914754410902653,
        0.5599671531100432,
        0.35257830517973143,
        0.07591178994160688,
        -0.09057580503136793,
        -0.25106301229004185,
        -0.1386004790418371,
        -0.2578768012298007,
        0.3309040042665544,
        0.0884214618569932,
        0.03436646418424979,
        -0.030907093704404354,
        -0.41046825580145574,
        -0.0734120102840097,
        0.39164655960985406,
        -0.1822388061981591,
        -0.1446777922379021,
        0.2671128838170818,
        0.11798515975838604,
        0.44206447241325114
      ],
      [
        0.3062756054927258,
        -0.17371148891172364,
        -0.24851166768395916,
        0.06871725342757792,
        0.5852429473564852,
        0.7391012668392151,
        0.20849857425723206,
        0.4049893368960815,
        0.08220757249152547,
        0.6524353364073004,
        -0.1019423462811384,
        -0.33703914740320245,
        -0.034971032795477495,
        0.5106719427696061,
        0.14424298724962825,
        0.033243142775132364,
        1.120912809726145,
        0.020186761413816263,
        1.2491141863964854,
        0.7059651134855455,
        -0.0891445669522604,
        -0.21373497698894012,
        -0.13279138958038722,
        0.29813048647647566,
        -0.4955826443504513,
        -0.5171265219760618,
        -0.3036521055215431,
        0.7557969078865284,
        -0.2654181896320676,
        0.48141901723189084,
        0.07951355337404917,
        0.1210164331706297,
        0.44210297568063817,
        0.8029760378868865,
        0.0476274630364434,
        -0.6270429718904322,
        0.2764136766374375,
        -0.5126207323353343,
        0.23222868269292538,
        -0.3408441757709389,
        0.02075086162555206,
        0.23161412323981811,
        -0.19623798788310556,
        0.037292185067594685,
        0.3292023043603906,
        -0.7956299534807416,
        0.00859457632740061,
        0.5931407849406072,
        0.9021071424061361,
        0.6091705122930312
      ],
      [
        0.2693919122913197,
        -0.0567271498571019,
        -0.08062351142620383,
        0.2062406744651712,
        0.3343104573603629,
        0.8334225695048236,
        0.32009347264430826,
        0.1385473372838839,
        -0.157468935601843,
        0.5305506867113051,
        -0.018923892211293338,
        -0.286098017186771,
        0.06387183794206615,
        0.6711208577582035,
        -0.13453403065657127,
        0.03228372024694816,
        0.9517229695450286,
        0.11976898084683042,
        0.7059651134855455,
        1.1996480851795346,
        -0.186835456419385,
        0.04656845030070542,
        -0.14829810683302738,
        0.3466297087701667,
        -0.40766130495632424,
        -0.30093415262319884,
        -0.11364319921247881,
        0.645351625802764,
        -0.22980827725077707,
        0.24131849107058162,
        0.021925075036409055,
        -0.01172183933432145,
        0.23623147605905254,
        0.6953018530300183,
        -0.003615418883452836,
        -0.44930556168621066,
        0.19858569175975171,
        -0.3212150763800096,
        0.07130625575882067,
        -0.15324698532647335,
        -0.02762071060780313,
        0.12847890465187167,
        -0.26887382622609074,
        0.1364298846356865,
        0.14440578663276615,
        -0.5092434873294579,
        0.04360441711223905,
        0.4167801111604663,
        0.7325291621012548,
        0.3065907211004863
      ],
      [
        -0.11194983315558646,
        -0.16386866616535053,
        -0.14951336208761384,
        -0.256146919688001,
        -0.21927394251629434,
        -0.25105844791323034,
        -0.16033640091091675,
        -0.09528313442951729,
        0.17937922542002682,
        -0.2305288498918847,
        0.04529418659307948,
        0.509590201961378,
        -0.14058184944631882,
        -0.21015217403938594,
        0.28516002436860677,
        -0.14190303929088707,
        -0.19491308140197483,
        -0.22320399525388313,
        -0.0891445669522604,
        -0.186835456419385,
        1.0187018949602515,
        -0.1560771981263192,
        -0.3923798053288954,
        -0.2343653422246347,
        0.18560990863513874,
        -0.11985476250080444,
        -0.10989123240883931,
        -0.07611189423442545,
        -0.006444893382719322,
        -0.3585042563659253,
        0.1848261897207597,
        -0.1797229045578675,
        -0.4373988496352855,
        -0.20676721768278472,
        -0.18191148187596304,
        0.2862143329103502,
        -0.11136054719418133,
        0.3468119940975222,
        -0.23394691247320695,
        0.10393154652602526,
        0.001607605090642524,
