{
  "prob_lower_bound": 0.24,
  "working_prob_thresh": 0.3,
  "working_mahal_multiplier": 1.25,
  "mahal_quantile": 0.975,
  "class_mahal_thresholds": {
    "catch": 10.415208836184567,
    "defense": 9.792073963900492,
    "dribble_left_right": 8.882576778506955,
    "dribble_right_once": 9.182040865356438,
    "null": 12.959344379385112,
    "pass_high": 9.593668536363795,
    "shot": 8.980235914900312
  },
  "class_centers": {
    "catch": [
      -0.10579614632491802,
      0.2822172502822404,
      0.26960674054763006,
      -0.07272581811024827,
      -0.24761063892491877,
      -0.15373526117675432,
      -0.1424237781967415,
      0.5907916622745986,
      0.19197234108402297,
      0.07165310014809197,
      0.027781418610576876,
      0.43230110141746486,
      -0.24247859083976572,
      0.25319819049750153,
      0.018555160436602845,
      0.08272205234681809,
      -0.3571804912270746,
      -0.0455108033781719,
      0.05065020494840669,
      0.2517905171319949,
      0.15886833189244734,
      0.16116615257509714,
      -0.10407885547861051,
      -0.3675383301616957,
      -0.3522793886408976,
      0.1271320231350951,
      0.10575391461281117,
      -0.10194212307431745,
      0.3312639687212248,
      -0.5209427122069746,
      0.1368549715905922,
      -0.08803488761568792,
      0.3647207784493265,
      0.2920494837830353,
      0.33589519452018385,
      -0.03222879716295674,
      0.32981814987213365,
      0.27880029642352105,
      0.33375235002130604,
      0.09000285023182808,
      -0.13069672209922115,
      -0.045779270286429516,
      0.5185649851499227,
      0.032350757377930715,
      -0.3481125219675237,
      0.2667568143330659,
      -0.11859452680412809,
      0.40570619388513274,
      0.202650083498695,
      -0.3718863396932575
    ],
    "defense": [
      0.6497130078445731,
      2.44775631144483,
      2.7392543791786066,
      -1.1869871608669775,
      -0.6837380277020928,
      -1.0983339896470523,
      -0.7511138294589679,
      2.3293458428571086,
      0.814023319459237,
      0.7370567783972294,
      1.5960141006335085,
      1.8930339270491725,
      -2.046679466399238,
      0.6390379704343998,
      0.40820748295081627,
      0.22090846283620644,
      -0.47191295124628657,
      0.303692350326042,
      0.1918691634808698,
      0.7881009781420442,
      0.3174117621415054,
      -0.0410106360232584,
      -0.9707771342898943,
      1.142463848251356,
      -0.8442070604912868,
      0.7473206268044719,
      -0.4206041147371132,
      -0.5331405307661535,
      -0.2780313305101914,
      0.4915463599768844,
      0.15041157868766408,
      0.5484017960667052,
      -1.0144895228814674,
      0.4522655655944796,
      0.5035554710931582,
      -0.5944641879245267,
      1.220744203813002,
      1.266916011682517,
      -0.585472036956724,
      1.0970273925043792,
      1.3705851358968029,
      0.44461310741793275,
      0.5158015000292846,
      -0.19062544065354367,
      -0.26594877770984615,
      0.45439141288874696,
      -0.9770362286403839,
      -0.48882592618089776,
      0.09237099280887281,
      0.30780260578732827
    ],
    "dribble_left_right": [
      1.0216524631611528,
      -0.3884949956759158,
      -0.2545171496071685,
      0.20474724325314006,
      0.6424788459979417,
      0.634018829956034,
      0.9518283858712627,
      -0.40070081954339926,
      -0.3178878890631793,
      0.9746307272997725,
      -0.6845042634755513,
      -0.6511690083649976,
      0.008922068087192588,
      -0.8060545775776903,
      0.9941394881686841,
      -0.15372588674215182,
      0.7996420201349871,
      0.8916245103828888,
      -0.06882866684538011,
      -0.657216296215627,
      -0.2251653937501846,
      -0.5814298380520716,
      0.8257868192285502,
      0.4861051145053896,
      0.37839674621946745,
      -0.22797748694072617,
      0.32436672242982906,
      1.356975982700746,
      -0.24363791998601791,
      -1.9170720062106426,
      0.0036055581426556516,
      -0.03721673756291804,
      0.6531556727320188,
      -0.6156182874814567,
      -0.5810115046332694,
      -0.7579726341565992,
      0.5651124053692956,
      0.3299883184772193,
      0.5198904658629906,
      0.16311313128952898,
      -0.444093383804588,
      -1.057706040120606,
      -0.25499625943338766,
      -0.8009580175363862,
      0.06781296038781687,
      0.07038092736562501,
      -0.7842126092581382,
      -0.10306589298028704,
      -0.12224692593378386,
      0.05572789621205736
    ],
    "dribble_right_once": [
      -0.2717348318686004,
      0.28050465677978503,
      0.008648271276342222,
      0.2540873778489608,
      0.40826348467853374,
      -0.04018951007669387,
      0.3512491559264739,
      0.4035494136465221,
      -0.23214366122082492,
      -0.24343453807890444,
      -0.058244216924582225,
      0.18538964974012404,
      -0.318671417787832,
      0.015481656920789915,
      -0.22172701671024556,
      0.9149434593944072,
      -0.20479369689465038,
      0.3714574838864662,
      1.0075931273520586,
      0.6449945644833204,
      0.969840317203242,
      0.7884599449045085,
      0.024656687525762378,
      -0.5114282103315201,
      -0.2394914185619656,
      -0.2915141557555536,
      0.8071239728760704,
      -0.15025611846150605,
      0.8938325105145588,
      -0.06817545485005708,
      0.9875187932810253,
      0.050862805793152284,
      0.38634206327204373,
      0.5755205946792558,
      0.8897434061574875,
      -0.1652382544947672,
      0.3105455476246149,
      0.31955407595608953,
      0.33706062323614977,
      -0.31914237630844783,
      -0.09782441018557358,
      -0.24051490284892696,
      0.32727270951092474,
      0.7193332548206691,
      -0.7300477273664043,
      0.9334845484769281,
      0.22557746946628754,
      0.8098657228589664,
      1.0928009933739056,
      -0.7839608568789014
    ],
    "null": [
      -1.3759384127468821,
      -1.426220349049906,
      -0.9387226517580994,
      1.5035630706319196,
      0.677784305130405,
      1.105384456936304,
      0.2638304286864287,
      -1.497418839822288,
      -0.07178572626447262,
      -1.3440424679463643,
      -0.3658168479201804,
      -1.037716217157423,
      1.172723750469351,
      -0.34132163581867364,
      -1.1972454472803264,
      -1.3455029134563397,
      0.08418020330416533,
      -1.640582444429229,
      -1.4253695727982998,
      -1.4862322506554149,
      -1.4674066988766654,
      -0.7889593325338856,
      0.3140353184269938,
      1.0519834087043594,
      0.570682655051263,
      -0.25507720503892484,
      -1.7278131609528282,
      -0.12217351924902045,
      -1.2311250732355452,
      -1.080653376138577,
      -1.2780433764725678,
      -1.230988595581477,
      -0.5096131945893533,
      -1.366661836225863,
      -1.3964070975416514,
      -1.086642483011191,
      -0.4155105073004287,
      -0.009258502074670955,
      -0.7205520613115279,
      -1.1287769853403542,
      0.25561522226331673,
      0.33060923744023746,
      -1.473200543398883,
      -0.8108442433407411,
      1.413203590976948,
      -1.7085526448505548,
      1.2755634483225553,
      -1.0239075620760674,
      -1.2924536405689193,
      1.1611038185533995
    ],
    "pass_high": [
      -0.12296349063413714,
      0.5284128776634728,
      0.7453127333270388,
      -0.5217033550450075,
      -0.6055165306031826,
      -0.553534421025865,
      -0.5362514883659604,
      0.817596044531684,
      0.54000208662662,
      0.10961406519515282,
      0.1341301642249908,
      0.9061179195181575,
      -0.3743555166693935,
      0.4326645701879899,
      0.10102730761980523,
      -0.39034006173682845,
      -0.4775158711267108,
      -0.33653043852339215,
      -0.48806862223185765,
      0.14681343212750544,
      -0.352247730249261,
      -0.25584897900004044,
      -0.3110422823387934,
      -0.12308026992287634,
      -0.4107809603647528,
      0.5427918474353752,
      -0.46897103889742764,
      -0.17505291645613202,
      -0.16033487476211736,
      -0.7335056498805046,
      -0.37347534825881673,
      -0.06238612362660091,
      0.670255570964186,
      0.1919490546769171,
      0.00893807458415197,
      0.16879771604903002,
      0.3129567222759544,
      0.3030933970469477,
      0.3521226527893199,
      0.304148811261907,
      -0.15168015057087797,
      0.14773372399752782,
      0.9864456552314337,
      -0.18163470580994406,
      -0.2266663255419758,
      -0.07465986076321654,
      -0.10024604163489441,
      -0.06260059635552927,
      -0.23598331193039912,
      0.06824232649125936
    ],
    "shot": [
      -0.16880895946270147,
      0.3216909564414383,
      -0.04263208322923754,
      0.43387983800494323,
      0.3958310676156605,
      0.029914001564547005,
      0.26815835662319143,
      0.32953450652221306,
      -0.26140708832080894,
      -0.17502299194198048,
      -0.03672011819982336,
      0.06684518471538496,
      -0.2410398568017226,
      -0.024755794212916196,
      -0.21005862647134416,
      0.905905291744871,
      -0.24326597231891747,
      0.49697292912966456,
      0.9426829459604917,
      0.7131919287562157,
      0.9971806254239268,
      0.655807675418955,
      0.052607074384530925,
      -0.3266589434533716,
      -0.2593081569915385,
      -0.3138246187631774,
      0.7870485431488697,
      -0.12173594089728572,
      0.940663068531994,
      0.029809233034131338,
      0.9555965521528199,
      0.05882877775258278,
      0.2182685461126699,
      0.6092959157309984,
      0.8644802396022645,
      -0.27982945120641894,
      0.32247338717268803,
      0.3235803878627689,
      0.4113358615210039,
      -0.4363229603447519,
      -0.03513134192775854,
      -0.17681331347025844,
      0.29965618133526756,
      0.4413750542005864,
      -0.7441109301736103,
      0.9113258687473302,
      0.10559009958141043,
      0.7960899243590052,
      0.9353972046842621,
      -0.7480785883374735
    ]
  },
  "class_covs": {
    "catch": [
      [
        0.4451912292845092,
        0.25779421548482634,
        0.17036214720850246,
        0.1371449101562448,
        0.1364979005322755,
        -0.09372777594907832,
        0.06425327808083396,
        0.27504510569847584,
        -0.025092632399562456,
        0.5022805820946188,
        -0.16852764597326939,
        0.10332743920117708,
        -0.3793748636690774,
        0.09095623271015027,
        0.40654196758151584,
        0.18667113639542776,
        0.002378659754459078,
        0.3098876470019731,
        0.12313566846105584,
        0.29213246546543287,
        0.1749363519069995,
        0.0907111181416732,
        -0.037099994982264094,
        0.2563537374656997,
        0.000484214768986436,
        -0.00940389001999846,
        0.1529252124503535,
        0.28692505202994617,
        0.18075515254801872,
        -0.032860575994444516,
        0.10633705313654404,
        0.2351860498053333,
        -0.11741065534094053,
        0.30542528027139165,
        0.2453386430212452,
        -0.15143370271754883,
        0.12707238662261378,
        0.10677949975153644,
        0.1573013087579667,
        -0.1431523430691664,
        -0.17999592598831315,
        0.04827847212575285,
        0.2715013366993463,
        0.18061568153410087,
        -0.045375966463064535,
        0.21539109260255515,
        -0.5223726237057277,
        0.14191963467207094,
        0.21546256584637347,
        -0.08030853017648505
      ],
      [
        0.25779421548482634,
        0.9612050739409096,
        0.7578692531218404,
        -0.10246369834437306,
        -0.17498931013923943,
        -0.3422045204685423,
        -0.24040154653636098,
        0.6121001862300147,
        0.045639397467854885,
        0.3707833863812976,
        -0.13121837116149632,
        0.4157499465880735,
        -0.8388688691127023,
        0.2733205473003232,
        0.276087657621326,
        0.37198557364453794,
        -0.18890893333163863,
        0.29638958083859834,
        0.3832572838323729,
        0.7148141448698996,
        0.49901416168350404,
        0.2633801005258934,
        -0.2579382548792627,
        0.0014214927707545135,
        -0.15588473517106227,
        0.07515736563240669,
        0.24911758964397962,
        0.23740540540138816,
        0.223707362118471,
        -0.0253716610463078,
        0.40374848177002304,
        0.4120854549443144,
        -0.1207346494684486,
        0.6537406568708428,
        0.5016473702204796,
        -0.02310412650633802,
        0.30320741285398517,
        0.23628142564879812,
        0.08788795059798167,
        -0.16441378534338533,
        -0.15110433421258165,
        0.13553304175159472,
        0.6908044358239585,
        0.29552963890698836,
        -0.25588869348608506,
        0.48398041153597166,
        -0.41245976150836333,
        0.16605018239259065,
        0.5851344554215004,
        -0.11208195599809849
      ],
      [
        0.17036214720850246,
        0.7578692531218404,
        1.0491032187047722,
        -0.20854904644567876,
        -0.2388464365536725,
        -0.5487805338233761,
        -0.30469413258062594,
        0.5637334513638184,
        0.20672411403334498,
        0.28226176221313143,
        -0.16916654583587767,
        0.6511592143178788,
        -0.6593298236075886,
        0.23271539050661413,
        0.2071102204139938,
        0.031484041301817485,
        -0.20902073342316352,
        0.0480600815469456,
        -0.021165615699729017,
        0.42063799517651007,
        0.09102402050280634,
        0.1771500437760928,
        -0.1918881082091975,
        0.11819603918776983,
        -0.12788734714818872,
        0.2477847762121802,
        -0.012773776192558485,
        0.27404866586680654,
        0.07306386839617149,
        -0.330808448203623,
        0.09244594733087896,
        0.3512585559529668,
        0.0015499976724796308,
        0.43075411843197037,
        0.28772354674030265,
        0.15354456287071802,
        0.2727827111220959,
        0.25571127040346886,
        0.12019939053686757,
        0.037972306940248196,
        -0.12145831871023773,
        0.12309479364578707,
        0.6589476665363941,
        0.12567277343920386,
        -0.15883391117335022,
        0.2074468316983003,
        -0.3174119376574028,
        0.07908173854548277,
        0.22921160118976153,
        0.05409285957296473
      ],
      [
        0.1371449101562448,
        -0.10246369834437306,
        -0.20854904644567876,
        0.712304568090529,
        0.5581860711047567,
        0.14503796952806838,
        0.4756186703590623,
        -0.07265262501073842,
        -0.13672033117570634,
        0.1697071040400686,
        -0.28783212048822443,
        -0.19486160190102125,
        -0.09432390619703572,
        -0.10619258033699217,
        0.15249420829831228,
        0.4213107452645125,
        0.1936911778410699,
        0.40932866714235305,
        0.4143367588069114,
        0.21622627455543256,
        0.37279357385763484,
        0.23624945597482108,
        0.18138151655827733,
        0.18597907640153458,
        0.12370833431054264,
        -0.13382325678179133,
        0.4489157279921406,
        0.08302000675956583,
        0.43184482123841217,
        0.14737000643294693,
        0.31648646802063873,
        0.06857686189711978,
        -0.14100743961007653,
        0.17792699693118733,
        0.3260908237083807,
        -0.15133028996589504,
        -0.0765387860411151,
        -0.03172301419427639,
        0.16531530736819464,
        -0.3155159324411327,
        -0.21198128325377297,
        -0.09441218443504316,
        -0.14199938775904145,
        0.21676879560079163,
        -0.11284949541853373,
        0.2902864217478087,
        -0.15958248944194692,
        0.34335445151865335,
        0.3402096251157359,
        -0.4009043471857464
      ],
      [
        0.1364979005322755,
        -0.17498931013923943,
        -0.2388464365536725,
        0.5581860711047567,
        0.8650067790668927,
        0.24075929778868185,
        0.6817403459794241,
        -0.18475270851418105,
        -0.207976563472985,
        0.1353710786395862,
        -0.36878573061498143,
        -0.33467890015316154,
        -0.09542122165523792,
        -0.17254981889358295,
        0.13350804249916784,
        0.5417431805466485,
        0.32962978381175456,
        0.45289014313186493,
        0.5445080845964932,
        0.22163393921678579,
        0.4926008988930384,
        0.35236812255044014,
        0.24600241401033923,
        0.2260120614573795,
        0.16157975671320307,
        -0.20897593137296794,
        0.6343887830339109,
        0.088379723962515,
        0.5582941937285645,
        0.13161074284024418,
        0.4414574597326218,
        0.083981224201594,
        -0.18722810881538282,
        0.19971796398993993,
        0.41882598345090094,
        -0.19397678233248342,
        -0.0970132493600148,
        -0.018978622272733163,
        0.1949727612168808,
        -0.3209021698279173,
        -0.24694638432100796,
        -0.17369213712252451,
        -0.27157155438875064,
        0.28346372667709846,
        -0.158375095955901,
        0.34269117726766163,
        -0.1140330726139823,
        0.4517323474480431,
        0.44831016305613536,
        -0.4924237940920295
      ],
      [
        -0.09372777594907832,
        -0.3422045204685423,
        -0.5487805338233761,
        0.14503796952806838,
        0.24075929778868185,
        0.6868804789734062,
        0.2678505731009869,
        -0.46340662899638385,
        -0.2464187500463701,
        -0.19828241239818634,
        0.12329797620396465,
        -0.7122597384594683,
        0.2156837275697047,
        -0.1824294622679683,
        -0.13497677322628424,
        0.05801444145301844,
        0.14344050471612158,
        0.07120811928014249,
        0.12393901007229313,
        -0.2629196315540525,
        0.06432703254077003,
        -0.13485806545831294,
        0.11231585910246727,
        -0.1894177575170343,
        0.11579328759602302,
        -0.28731604107615116,
        0.1030312535248965,
        -0.0706048475324636,
        -0.1477273848569116,
        0.00258232080779736,
        0.005510625505643715,
        -0.38224297883307573,
        -0.2568117729010612,
        -0.32122672765643345,
        -0.2619487276305076,
        -0.30687622994929653,
        -0.09225922066422737,
        -0.1035346777918996,
        -0.09738366669006758,
        -0.03152209182579272,
        0.15945892260509983,
        -0.1486540086682973,
        -0.5112152973774561,
        -0.12010261813822867,
        0.18713074248358263,
        -0.0588724905127552,
        0.23472350873040004,
        -0.20916951397239714,
        -0.03591910368727554,
        0.07674318365221834
      ],
      [
        0.06425327808083396,
        -0.24040154653636098,
        -0.30469413258062594,
        0.4756186703590623,
        0.6817403459794241,
        0.2678505731009869,
        0.7533316032190917,
        -0.23187508939030924,
        -0.11295370122613776,
        0.05524499226970708,
        -0.250433119895288,
        -0.35318963076000837,
        0.019699071753582317,
        -0.19267076341202824,
        0.0542833894630146,
        0.468141122766165,
        0.28892201522422334,
        0.34329876633696627,
        0.48694554811665397,
        0.14058234126831684,
        0.43115029993403714,
        0.29998409312658725,
        0.24350667862693567,
        0.12729543602970494,
        0.18550262221848832,
        -0.11731434759809141,
        0.5903394887866014,
        0.04804382313559944,
        0.4861124659309039,
        0.09576136665566141,
        0.34765863496349925,
        0.018653583970114296,
        -0.08801494746240415,
        0.13626901377716172,
        0.30835545896891453,
        -0.11859907941389718,
        -0.2279135351865551,
        -0.16442445411526602,
        0.16078924571898623,
        -0.2767462426124486,
        -0.1383584591214032,
        -0.13798667147906524,
        -0.32406067396264127,
        0.2629795094266213,
        -0.1286627653306945,
        0.2652289398030283,
        -0.04676189606211771,
        0.3744941489739455,
        0.35021677409605523,
        -0.4115510221103414
      ],
      [
        0.27504510569847584,
        0.6121001862300147,
        0.5637334513638184,
        -0.07265262501073842,
        -0.18475270851418105,
        -0.46340662899638385,
        -0.23187508939030924,
        0.7803822737119386,
        0.04213745750462619,
        0.3669271477602309,
        -0.021176417926118622,
        0.6002392584459981,
        -0.6055254219363201,
        0.24852570033678775,
        0.18535931266507885,
        0.22375248770654504,
        -0.18856683746196023,
        0.1933380435932167,
        0.1248242106608167,
        0.48937738942967124,
        0.22633143393547756,
        0.18269144098329224,
        -0.21053811294690192,
        0.10784681917765523,
        -0.13951049881939767,
        0.07064168099295193,
        0.03640736555436805,
        0.180429683559545,
        0.16328081109270187,
        -0.050204746157610634,
        0.1538725676147436,
        0.41129245014970417,
        -0.0497370724621756,
        0.5352168088832744,
        0.3630362697274337,
        -0.00021332210896529252,
        0.19965266421336555,
        0.14223042766421157,
        0.16902169420011479,
        -0.14174994568598098,
        -0.04563023560696665,
        0.14195000742554795,
        0.6557365255493481,
        0.24177255894483382,
        -0.17637340376269672,
        0.3364050121849599,
        -0.506351692886473,
        0.13126806793346438,
        0.31335980440344463,
        -0.023857027144955863
      ],
      [
        -0.025092632399562456,
        0.045639397467854885,
        0.20672411403334498,
        -0.13672033117570634,
        -0.207976563472985,
        -0.2464187500463701,
        -0.11295370122613776,
        0.04213745750462619,
        0.5989935758769072,
        0.07043530104480149,
        -0.0034312045092442177,
        0.24135567345839423,
        0.03377843706945853,
        0.08481154713109336,
        0.07571149434284487,
        -0.1989267714131858,
        -0.025966552974450836,
        -0.20937108982969935,
        -0.18758508840912955,
        0.04573075440229043,
        -0.15499361442737544,
        -0.10669159227615409,
        -0.06121220794102309,
        0.09846459165832243,
        -0.0292954700237717,
        0.6124274124665632,
        -0.12394425253371869,
        -0.011855791969421145,
        -0.030441354336151957,
        -0.19047095886729226,
        -0.1745846521342711,
        0.0778148568975223,
        0.3722296200067268,
        0.08063077256599697,
        0.003513668085446583,
        0.28314097752610107,
        -0.2733240877656448,
        -0.2640902960853322,
        0.1938615638464051,
        0.09870981233114434,
        -0.02902686497769721,
        0.07711714237317409,
        0.07785332423189754,
        0.039044992675297395,
        -0.01566911915162427,
        -0.15623875109944124,
        -0.05235335302153302,
        -0.0022692789421793385,
        -0.17712183047816274,
        0.08187493190815565
      ],
      [
        0.5022805820946188,
        0.3707833863812976,
        0.28226176221313143,
        0.1697071040400686,
        0.1353710786395862,
        -0.19828241239818634,
        0.05524499226970708,
        0.3669271477602309,
        0.07043530104480149,
        0.7578955591720465,
        -0.32403378528769583,
        0.21220136254657623,
        -0.5296127634629954,
        0.0818985011293384,
        0.6055680358151337,
        0.2312504981706135,
        0.008741301106498582,
        0.3807391663863157,
        0.17203459968880566,
        0.43244595909327704,
        0.22924144344267403,
        0.09237796514582897,
        0.02615267529699625,
        0.31259230647667213,
        -0.0006684011794341165,
        0.09542342876202632,
        0.22920392956817212,
        0.32973280239873637,
        0.3147692358161906,
        -0.07445180468283141,
        0.15429543896100173,
        0.33132208742461994,
        -0.04404982288129506,
        0.43726737540416155,
        0.367377191045704,
        -0.10684774904057723,
        0.0962743092290848,
        0.08534905884214539,
        0.1636208466281828,
        -0.18195186413935427,
        -0.3081272475795912,
        0.029289043235386353,
        0.4061723736712382,
        0.26084456248035975,
        -0.0836272575996368,
        0.2714427118935392,
        -0.753141067705295,
        0.2841975595676561,
        0.29016787992077736,
        -0.1970643111901139
      ],
      [
        -0.16852764597326939,
        -0.13121837116149632,
        -0.16916654583587767,
        -0.28783212048822443,
        -0.36878573061498143,
        0.12329797620396465,
        -0.250433119895288,
        -0.021176417926118622,
        -0.0034312045092442177,
        -0.32403378528769583,
        1.1551957766899386,
        -0.06857138500901448,
        0.2846260777787292,
        0.28213861106690574,
        -0.29654076800907087,
        -0.2650313298106632,
        -0.12053525905311478,
        -0.33665926323147954,
        -0.2818573170563305,
        -0.26676043037521074,
        -0.2335249615107862,
        -0.22852746244273242,
        -0.5357808134212557,
        -0.1958545490634209,
        -0.2788511919666205,
        -0.0284752483105664,
        -0.42215053482268283,
        -0.15285594863885485,
        -0.6771921775202734,
        -0.10018216460591439,
        -0.29170680276326116,
        -0.1882504745267181,
        -0.07492750300403013,
        -0.19649796299387912,
        -0.37279936304927064,
        0.031114443776298555,
        0.01800586670786471,
        -0.058162136633366016,
        -0.0014242881284662083,
        0.1288054598537973,
        0.8342604326791366,
        0.07308711928230081,
        -0.10579182043298484,
        -0.14989755061371043,
        0.12477217561026636,
        -0.19597603948656925,
        0.298697968158396,
        -0.767674757558367,
        -0.3406953319411125,
        0.6925244193957536
      ],
      [
        0.10332743920117708,
        0.4157499465880735,
        0.6511592143178788,
        -0.19486160190102125,
        -0.33467890015316154,
        -0.7122597384594683,
        -0.35318963076000837,
        0.6002392584459981,
        0.24135567345839423,
        0.21220136254657623,
        -0.06857138500901448,
        0.8811336011708172,
        -0.27617561301368887,
        0.21951796865732306,
        0.10674693993094508,
        -0.13614157078712175,
        -0.1807855420816046,
        -0.10434865746011096,
        -0.22999598768605828,
        0.24170261722963665,
        -0.1439596676908233,
        0.03154100775926807,
        -0.14910840279660817,
        0.1997456466713519,
        -0.13423895397540256,
        0.2775260488474185,
        -0.2427291105418216,
        0.10014938293206449,
        0.04247207067427479,
        -0.019628427812193882,
        -0.10831500810831889,
        0.30333663223478086,
        0.17875932701186845,
        0.2927820673159117,
        0.1741431055681321,
        0.2719605857476946,
        0.12631302621282808,
        0.1145052885709063,
        0.08522577506132943,
        0.03997345386586459,
        -0.11586522433543356,
        0.13339104256259557,
        0.6235491366979091,
        0.0576675080994776,
        -0.1637025782070936,
        0.026858197488493007,
        -0.29333636393171675,
        0.10614742588113014,
        -0.04229200321423369,
        0.01596380172834821
      ],
      [
        -0.3793748636690774,
        -0.8388688691127023,
        -0.6593298236075886,
        -0.09432390619703572,
        -0.09542122165523792,
        0.2156837275697047,
        0.019699071753582317,
        -0.6055254219363201,
        0.03377843706945853,
        -0.5296127634629954,
        0.2846260777787292,
        -0.27617561301368887,
        1.1761543579872062,
        -0.23190631872866094,
        -0.37536852204616844,
        -0.5272732460083019,
        0.09827434785491909,
        -0.4971748047813132,
        -0.4888029391367168,
        -0.7118002799392743,
        -0.5848488659292693,
        -0.30086142093703067,
        0.14163620089729462,
        -0.05098311323995714,
        0.10592511646912646,
        0.009982802414948908,
        -0.4190071751330294,
        -0.3791439641439553,
        -0.4016046790795664,
        0.1811459157222337,
        -0.4584635176956469,
        -0.44419367391738507,
        0.12470731410191792,
        -0.6766990213942274,
        -0.5868536073025271,
        0.17784967544373811,
        -0.1773008416668369,
        -0.13539299111825942,
        -0.12627114692331928,
        0.19144015594563385,
        0.2640689047126533,
        -0.08906948786067868,
        -0.5996135323560646,
        -0.41608455881930095,
        0.1783486000635221,
        -0.6032406130311404,
        0.610357187144237,
        -0.3202899454980728,
        -0.7029837670328904,
        0.210767964623092
      ],
      [
        0.09095623271015027,
        0.2733205473003232,
        0.23271539050661413,
        -0.10619258033699217,
        -0.17254981889358295,
        -0.1824294622679683,
        -0.19267076341202824,
        0.24852570033678775,
        0.08481154713109336,
        0.0818985011293384,
        0.28213861106690574,
        0.21951796865732306,
        -0.23190631872866094,
        0.6746535551067688,
        0.06795063858462626,
        -0.03616513440467457,
        -0.12470437162905483,
        -0.011242578056095957,
        -0.04458126708205941,
        0.22333794654483,
        0.05033206919158894,
        -0.01483943080234068,
        -0.6320190136314956,
        0.11767660342395433,
        -0.3011358286647291,
        0.0974639814062213,
        -0.11745156512891153,
        0.06747555879011684,
        -0.20427698279655263,
        -0.08875527711740593,
        -0.02199833618594052,
        0.1510021919365819,
        -0.004650531945510512,
        0.2538885873502608,
        0.11142470339547403,
        0.012567429649824007,
        0.1089895343195646,
        0.08667560400993235,
        0.11685088839206102,
        -0.09052248337163993,
        0.1994921090614666,
        0.16926044111734573,
        0.26815965877177594,
        0.08391970647157422,
        -0.08305188600002775,
        0.06692167799638031,
        -0.08331655414247613,
        -0.25106112659928675,
        0.07128966960994995,
        0.2806483024562241
      ],
      [
        0.40654196758151584,
        0.276087657621326,
        0.2071102204139938,
        0.15249420829831228,
        0.13350804249916784,
        -0.13497677322628424,
        0.0542833894630146,
        0.18535931266507885,
        0.07571149434284487,
        0.6055680358151337,
        -0.29654076800907087,
        0.10674693993094508,
        -0.37536852204616844,
        0.06795063858462626,
        0.6516585538355933,
        0.1678878327804697,
        0.05221549492203015,
        0.29832671557717594,
        0.14405975517848288,
        0.36095113542482604,
        0.18730685231323538,
        0.07435097947862526,
        0.022954783217666884,
        0.26852029516611864,
        0.017175607491654338,
        0.09852835671295876,
        0.20106660724793643,
        0.23632261780101357,
        0.2613816600384754,
        -0.02599124212235471,
        0.121329452164842,
        0.2627008839483828,
        -0.03164083664165,
        0.3343372358512867,
        0.3106442997203028,
        -0.07506598060744354,
        0.1266929441760747,
        0.1248642077247489,
        0.154707337331007,
        -0.16219009744852264,
        -0.27864686993066484,
        -0.05019416628488614,
        0.30543369521476904,
        0.19365412378864785,
        -0.0600281397355356,
        0.19561851345579653,
        -0.47450238231647157,
        0.24021809392807605,
        0.20429964070700102,
        -0.18498280779371454
      ],
      [
        0.18667113639542776,
        0.37198557364453794,
        0.031484041301817485,
        0.4213107452645125,
        0.5417431805466485,
        0.05801444145301844,
        0.468141122766165,
        0.22375248770654504,
        -0.1989267714131858,
        0.2312504981706135,
        -0.2650313298106632,
        -0.13614157078712175,
        -0.5272732460083019,
        -0.03616513440467457,
        0.1678878327804697,
        0.9974823663168301,
        0.14462685659969668,
        0.6176023959114788,
        0.9797404600255385,
        0.7396181076480507,
        0.9638467941706494,
        0.6475784311993641,
        0.07884747620298091,
        -0.033700276006214,
        0.04303334415689782,
        -0.18779896468897908,
        0.9366447636125257,
        0.07050431019658762,
        0.7480795886224966,
        0.2377132670709442,
        0.843358022661715,
        0.40123350313938616,
        -0.14304837212750565,
        0.6650970941070143,
        0.766641103987963,
        -0.16635100662215005,
        -0.014909978173459086,
        -0.012806784764040055,
        0.2373875964504567,
        -0.42193622811478015,
        -0.17202617910658263,
        -0.016182670709424123,
        0.09397350431036745,
        0.5771689596709729,
        -0.36859870398433414,
        0.7260055747151251,
        -0.26205165267333386,
        0.5801773245853387,
        0.9159074882499273,
        -0.598229760706363
      ],
      [
        0.002378659754459078,
        -0.18890893333163863,
        -0.20902073342316352,
        0.1936911778410699,
        0.32962978381175456,
        0.14344050471612158,
        0.28892201522422334,
        -0.18856683746196023,
        -0.025966552974450836,
        0.008741301106498582,
        -0.12053525905311478,
        -0.1807855420816046,
        0.09827434785491909,
        -0.12470437162905483,
        0.05221549492203015,
        0.14462685659969668,
        0.48254806856519217,
        0.12670346962078263,
        0.17463989322664614,
        0.019191373950000788,
        0.13651184461136517,
        0.04262269802292343,
        0.14757564593845088,
        0.039735111712914585,
        0.12086081473270406,
        -0.03338275305088746,
        0.2531031229173667,
        -0.030462377380000027,
        0.21404973403431884,
        0.12059229264628508,
        0.10658467238804951,
        -0.05485799827710282,
        -0.04491658906623999,
        0.0028595142783510497,
        0.13699936288436637,
        -0.06525703812844326,
        -0.0845546670317034,
        -0.030640385248232902,
        0.03517746312146822,
        -0.04749633762331525,
        -0.08166692790495028,
        -0.2429387061722225,
        -0.21607228950032586,
        0.12715118087742147,
        -0.019909946399297804,
        0.03103300486074486,
        0.04135412656712941,
        0.15979202444458968,
        0.05901145004538513,
        -0.20894258321190803
      ],
      [
        0.3098876470019731,
        0.29638958083859834,
        0.0480600815469456,
        0.40932866714235305,
        0.45289014313186493,
        0.07120811928014249,
        0.34329876633696627,
        0.1933380435932167,
        -0.20937108982969935,
        0.3807391663863157,
        -0.33665926323147954,
        -0.10434865746011096,
        -0.4971748047813132,
        -0.011242578056095957,
        0.29832671557717594,
        0.6176023959114788,
        0.12670346962078263,
        0.7329335335132379,
        0.6483789375375785,
        0.4880952413005472,
        0.6224791503602646,
        0.38833862127870117,
        0.09721363670138845,
        0.14190529801417698,
        0.06529172213787547,
        -0.1979397415636754,
        0.6943881388658218,
        0.1954294455931324,
        0.5829947832660808,
        0.1377675990993147,
        0.53412670061785,
        0.2728970862893634,
        -0.176192436709513,
        0.43874875897192056,
        0.5615552939191456,
        -0.2599729143675967,
        0.06504538841513664,
        0.06903456281287332,
        0.1849641357209899,
        -0.3026632772354913,
        -0.2800955710055094,
        -0.05394778536364849,
        0.0985506428423235,
        0.3809509839598982,
        -0.19769079328333983,
        0.5104238799899906,
        -0.40696636731483904,
        0.4592868854183392,
        0.6432755500454307,
        -0.4849838048337019
      ],
      [
        0.12313566846105584,
        0.3832572838323729,
        -0.021165615699729017,
        0.4143367588069114,
        0.5445080845964932,
        0.12393901007229313,
        0.48694554811665397,
        0.1248242106608167,
        -0.18758508840912955,
        0.17203459968880566,
        -0.2818573170563305,
        -0.22999598768605828,
        -0.4888029391367168,
        -0.04458126708205941,
        0.14405975517848288,
        0.9797404600255385,
        0.17463989322664614,
        0.6483789375375785,
        1.2191200472052628,
        0.769873024555025,
        1.1044888920438418,
        0.6660189183340186,
        0.09467816920619657,
        -0.11904245386344854,
        0.05194713623536604,
        -0.17887913042268108,
        1.1078739356344023,
        -0.048457544638255856,
        0.8065226169892881,
        0.3277931042988684,
        0.9683092921045748,
        0.35842117192392114,
        -0.09164567570195847,
        0.6804056135860567,
        0.8101277383188041,
        -0.13749920506054092,
        -0.07359017076022598,
        -0.0888830947687052,
        0.15886608048798984,
        -0.4274666774165056,
        -0.1827272770142449,
        -0.03536562184167472,
        0.016289165103312485,
        0.5945272637383263,
        -0.42230069884961263,
        0.7516735389756497,
        -0.173533970965538,
        0.6233512344655002,
        1.0389082620439607,
        -0.7082642136017542
      ],
      [
        0.29213246546543287,
        0.7148141448698996,
        0.42063799517651007,
        0.21622627455543256,
        0.22163393921678579,
        -0.2629196315540525,
        0.14058234126831684,
        0.48937738942967124,
        0.04573075440229043,
        0.43244595909327704,
        -0.26676043037521074,
        0.24170261722963665,
        -0.7118002799392743,
        0.22333794654483,
        0.36095113542482604,
        0.7396181076480507,
        0.019191373950000788,
        0.4880952413005472,
        0.769873024555025,
        1.0296496578554466,
        0.8703859016702152,
        0.5359533655398592,
        -0.16525612017978347,
        0.07825540424440534,
        -0.08989463007973163,
        0.08229748352671344,
        0.6537819890666804,
        0.12903759954586286,
        0.613078804313515,
        0.21228328530954205,
        0.6821717189042059,
        0.5322573501700524,
        -0.06292285735106876,
        0.9429276421036004,
        0.8426742767381754,
        -0.02042476567861195,
        0.07307981617083176,
        0.04793431277411234,
        0.2624459930124699,
        -0.4503635050719696,
        -0.2090283863039947,
        0.07668513291978692,
        0.5445002317679051,
        0.5930205611583964,
        -0.4509502298740639,
        0.6963766984446704,
        -0.4375269564888745,
        0.4792676651091898,
        0.8093251614518724,
        -0.4523952815059091
      ],
      [
        0.1749363519069995,
        0.49901416168350404,
        0.09102402050280634,
        0.37279357385763484,
        0.4926008988930384,
        0.06432703254077003,
        0.43115029993403714,
        0.22633143393547756,
        -0.15499361442737544,
        0.22924144344267403,
        -0.2335249615107862,
        -0.1439596676908233,
        -0.5848488659292693,
        0.05033206919158894,
        0.18730685231323538,
        0.9638467941706494,
        0.13651184461136517,
        0.6224791503602646,
        1.1044888920438418,
        0.8703859016702152,
